Seq	Cruise	yyyy.mm.ddThh.mm.ss.sss	Date_mm.dd.yy	Latitude_degrees_north	Longitude_degrees_east	Bot_Depth_m	depth_m	depthbin	Pressure	CTD.S	CTD.T	Potemp090C	CTD.O2	Oxsatperc	CTD.fluo	Turbidity	sigma	percChl_a_10	Chl_a	Chl_a_AVG	Chl_a_10um	Chla10_AVG	Phaeop_AVG	Phaeop_SD	TOC_uM	TOC_ug	TN_uM	TON_uM	TON_ug	TOC.TON	NH4_uM	NO2_uM	NO3.NO2_uM	Total_inorgN_uM	PO4_uM	SiOH4_uM	POC_ug	sd_POC_ug	POC_uM	PON_ug	sd_PON_ug	PON_uM	POC.PON	DOC_uM	DOC_ug	DON_uM	DON_ug	DON.TN	DOC.DON	BP_ug	sd_BP	BR	BCD	Picophytoeukaryotes	Nanophytoplankton	Large_Nanphyto	Small_Nanophyto	Synechococcus	Phaeocystis	Cryptophytes	Dead_phyto	Bacteria	HNA_bacteria	Small_virus	Medium_virus	Large_virus	Total_virus	HNA.LNA_bacteria	smallVirus.Bacteria	HNF	Large_HNF	HNA_Bac_from_HNF_plot	LysoTrack_HNF	Humic_Fl_A_RU	Humic_FL_C_RU	Humic_Fl_M_RU	Aminoacid_Fl_T_RU	Fluorescence_Index	a255_m.1	a300_m.1	a351_m.1	a375_m.1	S300.650nm__um.1	R2_of_slope_fit_300.650	S275.295nm__um.1	S300.450nm__um.1	naut_tw_start	civil_tw_start	daylight_start	midnight_sun_start	mnsun_ends	daylight_ends	civil_tw_ends	naut_tw_ends	month	station
12	MP1	2014.01.16T22.42.00	10.01.14	81.77133333	19.16466667	3166	1000	meso	1013.779	34.8991	-0.2746	-0.3177	5.6755	8.10964	0.0389	0.003	28.0391	NA	0.001	NA	NA	NA	NA	NA	45	540	17.2	4.2	59.4	10.6	0.22	NA	12.74	12.96	0.97	7.85	71.84	17.96	5.99	3.31	1.68	0.24	25.31	39.01	468.16	4.003505634	56.05	0.94	9.74	NA	NA	NA	NA	0	0	NA	NA	0	NA	NA	NA	197000	25900	13600000	2010000	661000	16300000	0.15	69.33	18.036	4.008	1040.08	NA	NA	NA	NA	NA	NA	NA	NA	NA	NA	NA	NA	NA	NA	20.01	10.02	26.02	9.04	3.09	15.1	29.1	22.11	Jan	B16
13	MP1	2014.01.16T22.42.00	10.01.14	81.77133333	19.16466667	3166	750	meso	759.842	34.8929	0.1713	0.1379	5.7142	8.01446	0.0396	0	28.0104	NA	0.001	NA	NA	NA	NA	NA	46.2	554.4	17.2	4.9	69.2	9.4	0.09	NA	12.17	12.26	0.97	6.62	60.95	19.27	5.08	2.33	0.65	0.17	30.47	41.12	493.45	4.77	66.83	0.97	8.61	NA	NA	NA	NA	0	0	NA	NA	0	NA	NA	NA	263000	28100	13900000	2000000	665000	16500000	0.12	52.66	46.092	12.024	1356.713	NA	NA	NA	NA	NA	NA	NA	NA	NA	NA	NA	NA	NA	NA	NA	NA	NA	NA	NA	NA	NA	NA	Jan	B16
15	MP1	2014.01.16T22.42.00	10.01.14	81.77133333	19.16466667	3166	500	meso	506.565	34.9051	0.9519	0.9275	5.70604	7.8512	0.0381	0	27.9725	NA	0.002	NA	NA	NA	NA	NA	51.6	619.2	17.7	5.4	76.2	9.5	0.05	NA	12.21	12.26	0.94	6.1	58.42	5.41	4.87	2.44	0.54	0.17	27.98	46.73	560.78	5.27	73.72	0.97	8.87	NA	NA	NA	NA	0	0	NA	NA	0	NA	NA	NA	323000	32700	12500000	2400000	742000	15600000	0.11	38.61	30.038	5.006	1494.994	NA	NA	NA	NA	NA	NA	NA	NA	NA	NA	NA	NA	NA	NA	NA	NA	NA	NA	NA	NA	NA	NA	Jan	B16
16	MP1	2014.01.16T22.42.00	10.01.14	81.77133333	19.16466667	3166	100	epi	100.722	34.5665	-0.1734	-0.1768	6.02166	8.10621	0.065	0.003	27.7652	2.075645756	0.027	NA	0.001	NA	NA	NA	54.2	650.4	16	6.2	86.2	8.8	0.5	NA	9.34	9.84	0.72	4.37	51.86	2.01	4.32	4.54	1.26	0.32	13.33	49.88	598.54	5.84	81.7	0.95	8.55	NA	NA	NA	NA	55.556	10.101	NA	NA	16	NA	NA	NA	738000	55700	19900000	4250000	1280000	25400000	0.08	26.96	45.028	11.257	2158.224	NA	NA	NA	NA	NA	NA	NA	NA	NA	NA	NA	NA	NA	NA	NA	NA	NA	NA	NA	NA	NA	NA	Jan	B16
17	MP1	2014.01.16T22.42.00	10.01.14	81.77133333	19.16466667	3166	50	epi	51.516	34.2841	-1.8284	-1.8294	6.66951	8.49451	0.0478	0.006	27.5997	11.56004489	0.015	NA	0.002	NA	NA	NA	55.9	670.8	12.7	7	98	8	0.45	NA	5.25	5.7	0.43	2.49	40.62	0.89	3.39	4.53	0.64	0.32	10.46	52.51	630.18	6.68	93.47	0.95	7.87	NA	NA	NA	NA	75.758	5.051	NA	NA	38	NA	NA	NA	747000	54400	19000000	7870000	2420000	29300000	0.08	25.42	69.505	13.15	2419.537	NA	NA	NA	NA	NA	NA	NA	NA	NA	NA	NA	NA	NA	NA	NA	NA	NA	NA	NA	NA	NA	NA	Jan	B16
18	MP1	2014.01.16T22.42.00	10.01.14	81.77133333	19.16466667	3166	30	epi	28.716	34.2802	-1.8445	-1.845	6.70653	8.49849	0.0546	0.005	27.597	8.098006645	0.015	NA	0.001	NA	NA	NA	56.7	680.4	12.6	7	97.6	8.1	0.46	NA	5.17	5.63	0.45	2.6	45.29	11.9	3.77	4.78	0.62	0.34	11.05	52.93	635.11	6.63	92.8	0.95	7.98	NA	NA	NA	NA	140.704	5.025	NA	NA	45	NA	NA	NA	1380000	141000	22600000	8440000	2610000	33600000	0.11	16.41	86.358	20.651	3562.578	NA	NA	NA	NA	NA	NA	NA	NA	NA	NA	NA	NA	NA	NA	NA	NA	NA	NA	NA	NA	NA	NA	Jan	B16
19	MP1	2014.01.16T22.42.00	10.01.14	81.77133333	19.16466667	3166	20	epi	20.7	34.2812	-1.8466	-1.847	6.6915	8.49892	0.0546	0.003	27.5979	6.76056338	0.018	NA	0.001	NA	NA	NA	58.6	703.2	12.3	7	97.6	8.4	0.42	NA	4.91	5.33	0.41	2.4	37.77	7.86	3.15	3.89	0.86	0.28	11.33	55.45	665.43	6.692280676	93.69	0.96	8.29	NA	NA	NA	NA	106.061	5.051	NA	NA	40	NA	NA	NA	781000	57100	21200000	7310000	2160000	30600000	0.08	27.1	65.122	15.028	2306.199	NA	NA	NA	NA	NA	NA	NA	NA	NA	NA	NA	NA	NA	NA	NA	NA	NA	NA	NA	NA	NA	NA	Jan	B16
20	MP1	2014.01.16T22.42.00	10.01.14	81.77133333	19.16466667	3166	10	epi	10.35	34.2854	-1.8503	-1.8505	6.7218	8.49955	0.0531	0.004	27.6013	8.624031008	0.019	NA	0.002	NA	NA	NA	55.8	669.6	12.8	7.3	101.5	7.7	0.76	NA	5.13	5.55	0.39	2.59	36.14	7.19	3.01	4.06	1.11	0.29	10.39	52.79	633.46	6.96	97.44	0.96	7.58	NA	NA	NA	NA	85.427	10.05	NA	NA	5	NA	NA	NA	825000	61500	21300000	8900000	2510000	32700000	0.08	25.8	65.748	19.411	2397.621	NA	NA	NA	NA	NA	NA	NA	NA	NA	NA	NA	NA	NA	NA	NA	NA	NA	NA	NA	NA	NA	NA	Jan	B16
21	MP1	2014.01.16T22.42.00	10.01.14	81.77133333	19.16466667	3166	5	epi	5.772	34.2879	-1.8518	-1.8519	6.73415	8.49975	0.0583	0.007	27.6034	6.049723757	0.018	NA	0.001	NA	NA	NA	53.5	642	12.6	6.7	94.4	7.9	0.46	NA	5.1	5.86	0.43	2.48	34.32	4.77	2.86	3.73	0.35	0.27	10.73	50.64	607.68	6.47	90.63	0.96	7.82	NA	NA	NA	NA	101.01	5.051	NA	NA	30	NA	NA	NA	790000	54800	22300000	7620000	2080000	32000000	0.07	28.22	56.982	13.15	2556.043	NA	NA	NA	NA	NA	NA	NA	NA	NA	NA	NA	NA	NA	NA	NA	NA	NA	NA	NA	NA	NA	NA	Jan	B16
22	MP1	2014.01.16T22.42.00	10.01.14	81.77133333	19.16466667	3166	1	epi	1.342	34.2777	-1.849	-1.849	6.71858	8.49969	0.0576	14.619	27.595	5.673076923	0.015	NA	0.001	NA	NA	NA	55	660	12.3	6.7	93.4	8.2	0.49	NA	5.17	5.63	0.43	2.61	34.04	2.75	2.84	4.54	1.05	0.32	8.75	52.16	625.96	6.35	88.84	0.95	8.22	NA	NA	NA	NA	141.414	15.152	NA	NA	35	NA	NA	NA	849000	66400	17800000	6170000	1860000	25800000	0.08	20.94	69.462	12.516	2328.536	NA	NA	NA	NA	NA	NA	NA	NA	NA	NA	NA	NA	NA	NA	NA	NA	NA	NA	NA	NA	NA	NA	Jan	B16
45	MP1	2014.01.16T22.42.00	11.01.14	81.43066667	17.87966667	980	1000	meso	1011.967	34.9179	-0.2465	-0.2898	5.65473	8.10253	0.0396	0.307	28.0529	4.421052632	0.009	NA	4e-4	NA	NA	NA	58.8	705.6	NA	NA	NA	NA	0.17	NA	12.89	13.06	0.93	8.86	37.45	4.9	3.12	5.07	0.57	0.36	8.63	55.68	668.15	NA	NA	NA	NA	NA	NA	NA	NA	14.706	0	NA	NA	0	NA	NA	NA	495000	46000	13000000	2260000	709000	15900000	0.1	26.18	24.716	6.012	1443.554	NA	0.024944693	0.01396732	0.016852634	0.015701256	1.804263312	1.024519	0.333619	0.124046	0.080289	20.443796	0.993856	28.101366	13.703171	18.01	10.02	26.02	9.04	3.09	15.1	29.1	22.11	Jan	B08
46	MP1	2014.01.16T22.42.00	11.01.14	81.43066667	17.87966667	980	750	meso	758.68	34.9471	0.457	0.4218	5.69922	7.95133	0.0374	0.242	28.0376	11.90217391	0.011	NA	0.0014	NA	NA	NA	41.3	495.6	NA	NA	NA	NA	0.04	NA	12.6	12.64	0.9	7.99	35.1	5.65	2.92	5.28	0.73	0.38	7.76	38.38	460.5	NA	NA	NA	NA	NA	NA	NA	NA	30.303	0	NA	NA	20	NA	NA	NA	582000	51100	11300000	3140000	978000	15400000	0.1	19.44	41.518	7.158	1576.235	NA	0.022784222	0.012791424	0.016294183	0.014407172	1.817157272	1.064709	0.353082	0.143509	0.083631	20.214651	0.996837	27.909289	14.965849	NA	NA	NA	NA	NA	NA	NA	NA	Jan	B08
47	MP1	2014.01.16T22.42.00	11.01.14	81.43066667	17.87966667	980	500	meso	506.757	35.032	2.2839	2.2539	5.7839	7.58022	0.0381	0.079	27.9741	8.594164456	0.014	NA	0.0012	NA	NA	NA	32.1	385.2	NA	NA	NA	NA	0.03	NA	11.13	11.16	0.79	5.56	27.57	8.07	2.3	3.21	1.58	0.23	10.02	29.8	357.63	NA	NA	NA	NA	NA	NA	NA	NA	5.051	0	NA	NA	25	NA	NA	NA	772000	60500	14400000	4870000	1310000	20600000	0.09	18.65	61.991	11.271	1866.625	NA	0.02158439	0.01059074	0.015981911	0.021019019	1.885662888	1.097492	0.330593	0.107202	0.079566	21.652942	0.993237	31.88522	15.952148	NA	NA	NA	NA	NA	NA	NA	NA	Jan	B08
48	MP1	2014.01.16T22.42.00	11.01.14	81.43066667	17.87966667	980	200	meso	203.753	35.056	3.051	3.0382	5.82802	7.43387	0.0366	0.068	27.9251	2.215384615	0.016	NA	4e-4	NA	NA	NA	43.4	520.8	NA	NA	NA	NA	0.02	NA	10.09	10.11	0.71	4.66	47.16	9.58	3.93	5.72	1.42	0.41	9.61	39.47	473.64	NA	NA	NA	NA	NA	NA	NA	NA	30.151	5.025	NA	NA	75	NA	NA	NA	1130000	90900	18100000	6790000	1790000	26600000	0.09	16.04	71.384	6.262	2862.242	NA	0.020642465	0.010328801	0.015067753	0.017815318	2.000610483	1.138314	0.346082	0.120388	0.076631	21.88752	0.994292	31.491063	15.29744	NA	NA	NA	NA	NA	NA	NA	NA	Jan	B08
49	MP1	2014.01.16T22.42.00	11.01.14	81.43066667	17.87966667	980	100	epi	102.719	35.0403	2.9908	2.9844	5.82892	7.44587	0.0389	0.06	27.9182	6.41221374	0.013	NA	8e-4	NA	NA	NA	51.2	614.4	NA	NA	NA	NA	0.04	NA	10.45	10.49	0.69	4.69	32.34	9.21	2.7	3.23	1.54	0.23	11.68	48.5	582.06	NA	NA	NA	NA	NA	NA	NA	NA	15.075	5.025	NA	NA	85	NA	NA	NA	1010000	84500	15300000	6250000	2020000	23600000	0.09	15.1	79.474	20.025	2675.845	NA	0.022266275	0.011409102	0.016612691	0.019305797	1.773495045	1.186	0.320072	0.096681	0.050621	29.946848	0.997295	33.03449	17.200613	NA	NA	NA	NA	NA	NA	NA	NA	Jan	B08
50	MP1	2014.01.16T22.42.00	11.01.14	81.43066667	17.87966667	980	50	epi	51.031	34.9277	2.2016	2.1988	5.98767	7.60144	0.0434	0.032	27.8974	0.269259536	0.016	NA	0	NA	NA	NA	40.3	483.6	NA	NA	NA	NA	0.04	NA	9.77	9.81	0.64	4.35	27.8	6.67	2.32	2.28	0.09	0.16	14.21	37.98	455.8	NA	NA	NA	NA	NA	NA	NA	NA	25.253	0	NA	NA	56	NA	NA	NA	974000	91800	14000000	5960000	1840000	21800000	0.1	14.42	112.085	11.271	2739.512	NA	0.021759196	0.010688683	0.015638247	0.017993294	1.820577021	1.160757	0.33398	0.108286	0.069135	24.031923	0.992832	32.087872	15.655926	NA	NA	NA	NA	NA	NA	NA	NA	Jan	B08
51	MP1	2014.01.16T22.42.00	11.01.14	81.43066667	17.87966667	980	30	epi	30.88	34.9261	2.2016	2.2	5.98036	7.6015	0.0419	0.033	27.8961	3.952095808	0.014	NA	5e-4	NA	NA	NA	40.1	481.2	NA	NA	NA	NA	0.05	NA	9.85	9.9	0.72	4.56	37.23	4.55	3.1	3.66	0.78	0.26	11.88	37	443.97	NA	NA	NA	NA	NA	NA	NA	NA	35.354	10.101	NA	NA	66	NA	NA	NA	1030000	98700	14700000	6540000	2020000	23300000	0.11	14.26	82.029	15.654	3000	NA	0.02139462	0.010475319	0.016341607	0.023768431	1.86799581	1.093835	0.25324	0.020637	0.02294	57.274204	0.964462	38.374179	14.443365	NA	NA	NA	NA	NA	NA	NA	NA	Jan	B08
52	MP1	2014.01.16T22.42.00	11.01.14	81.43066667	17.87966667	980	20	epi	19.83	34.9257	2.1925	2.1915	5.99772	7.60328	0.0426	0.032	27.8965	35.71428571	0.031	NA	0.0111	NA	NA	NA	43.8	525.6	NA	NA	NA	NA	0.08	NA	7.87	7.95	0.52	3.24	84.5	4.08	7.04	5.8	0.23	0.41	17	36.76	441.1	NA	NA	NA	NA	NA	NA	NA	NA	10.05	5.025	NA	NA	35	NA	NA	NA	926000	79300	13600000	6090000	1720000	21400000	0.09	14.68	78.223	13.767	2819.775	NA	0.022358644	0.011074453	0.016292265	0.020638448	1.873839192	1.177826	0.34414	0.106931	0.060871	26.28687	0.996372	32.343628	17.667701	NA	NA	NA	NA	NA	NA	NA	NA	Jan	B08
53	MP1	2014.01.16T22.42.00	11.01.14	81.43066667	17.87966667	980	10	epi	10.208	34.9254	2.1918	2.1913	5.99661	7.60344	0.0419	0.04	27.8963	NA	NA	NA	NA	NA	NA	NA	46.3	555.6	NA	NA	NA	NA	0.03	NA	9.75	9.78	0.68	4.54	30.99	1.27	2.58	3.88	0.6	0.28	9.33	43.72	524.61	NA	NA	NA	NA	NA	NA	NA	NA	20.202	5.051	NA	NA	45	NA	NA	NA	974000	96100	17000000	6420000	1690000	25200000	0.11	17.5	84.481	14.393	2941.176	NA	0.020627858	0.010478786	0.014957453	0.018034305	1.822562711	1.193406	0.366629	0.131723	0.087966	24.730104	0.996999	30.622412	13.81068	NA	NA	NA	NA	NA	NA	NA	NA	Jan	B08
54	MP1	2014.01.16T22.42.00	11.01.14	81.43066667	17.87966667	980	5	epi	4.235	34.9262	2.2017	2.2015	5.9934	7.60148	0.0426	0.194	27.8962	NA	NA	NA	NA	NA	NA	NA	39.8	477.6	NA	NA	NA	NA	0.21	NA	9.33	9.54	0.67	4.34	33.6	1.01	2.8	3.59	0.17	0.26	10.92	37	444	NA	NA	NA	NA	NA	NA	NA	NA	40.201	0	NA	NA	35	NA	NA	NA	1090000	96800	15300000	7330000	2270000	24900000	0.1	14.07	103.945	17.533	2969.317	NA	0.020532255	0.010392904	0.01588747	0.019846941	1.850008398	1.14143	0.310047	0.08205	0.042899	27.449623	0.995066	34.040577999999996	34.006127	NA	NA	NA	NA	NA	NA	NA	NA	Jan	B08
55	MP1	2014.01.16T22.42.00	11.01.14	81.43066667	17.87966667	980	1	epi	2.658	34.9262	2.2033	2.2032	5.99609	7.60117	0.0426	0.206	27.8961	NA	NA	NA	NA	NA	NA	NA	40	480	NA	NA	NA	NA	0.1	NA	10.13	10.23	0.69	4.57	27.41	1.59	2.28	3.06	1.15	0.22	10.46	37.72	452.59	NA	NA	NA	NA	NA	NA	NA	NA	65.657	10.101	NA	NA	51	NA	NA	NA	971000	85800	15100000	6130000	1650000	22900000	0.1	15.58	76.393	22.542	2959.299	NA	NA	NA	NA	NA	NA	NA	NA	NA	NA	NA	NA	NA	NA	NA	NA	NA	NA	NA	NA	NA	NA	Jan	B08
127	MP2	2014.03.16T22.42.00	06.03.14	81.996	20.017	3000	2750	meso	NA	34.93	-0.75	NA	NA	NA	NA	NA	NA	NA	NA	NA	NA	NA	NA	NA	52.5	630	18.8	4.2	NA	12.7	0.35	0	14.3	14.65	1	11.4	NA	NA	NA	NA	NA	NA	NA	NA	NA	NA	NA	NA	NA	NA	NA	NA	NA	1	0	NA	NA	1.001	NA	NA	27	16900	6400	411000	198000	33200	642000	0.61	38	29.536	7.384	1105.485	NA	0.031808104	0.015526508	0.024936317	0.080267778	1.735597238	1.111446	0.41594	0.194852	0.137277	15.85048	0.997918	23.139327	12.005598	20.01	10.02	26.02	9.04	3.09	15.1	29.1	22.11	Mar	M02
128	MP2	2014.03.16T22.42.00	06.03.14	81.996	20.017	3000	2000	meso	NA	34.92	-0.74	NA	NA	NA	NA	NA	NA	NA	NA	NA	NA	NA	NA	NA	54.1	649.2	18.8	3.7	NA	14.5	0.78	0	14.3	15.08	1.1	11	NA	NA	NA	NA	NA	NA	NA	NA	NA	NA	NA	NA	NA	NA	NA	NA	NA	2	0	NA	NA	1.001	NA	NA	35	20500	7730	345000	248000	46300	639000	0.6	31	18.987	5.802	1189.346	NA	0.024806929	0.013236525	0.014649962	0.009551561	1.895616648	0.922961	0.273515	0.091578	0.045518	22.318188	0.997192	30.14485	26.083568	NA	NA	NA	NA	NA	NA	NA	NA	Mar	M02
129	MP2	2014.03.16T22.42.00	06.03.14	81.996	20.017	3000	1500	meso	NA	34.91	-0.6	NA	NA	NA	NA	NA	NA	NA	NA	NA	NA	NA	NA	NA	54.9	658.8	18.4	4.2	NA	13.1	0	0	14.2	14.2	1	10.5	NA	NA	NA	NA	NA	NA	NA	NA	NA	NA	NA	NA	NA	NA	NA	NA	NA	1	0	NA	NA	3.005	NA	NA	42	22900	8130	397000	276000	49500	722000	0.55	31	35.338	6.329	1053.27	NA	0.023884364	0.013001662	0.015013421	0.012174672	1.967686082	0.909956	0.26051	0.073967	0.041725	24.872604	0.996463	30.697054	22.237457	NA	NA	NA	NA	NA	NA	NA	NA	Mar	M02
130	MP2	2014.03.16T22.42.00	06.03.14	81.996	20.017	3000	1000	meso	NA	34.9	-0.1	NA	NA	NA	NA	NA	NA	62.53682724	0.0024	2e-4	0.0015	NA	0.00581818	5.96e-4	53.2	638.4	15.7	2.2	NA	23.8	0	0.06	13.4	13.46	1	8.3	59.0178314	17.01708302	4.918	9.140132135	3.199857329	0.65	7.53	48.28	579.38	1.59	22.22	0.1	30.42	0.04	0.04	0.6	0.65	2	0	NA	NA	1.502	NA	NA	50	29700	11200	789000	351000	67200	1210000	0.6	41	39.557	7.911	1119.198	NA	NA	NA	NA	NA	NA	NA	NA	NA	NA	NA	NA	NA	NA	NA	NA	NA	NA	NA	NA	NA	NA	Mar	M02
131	MP2	2014.03.16T22.42.00	06.03.14	81.996	20.017	3000	500	meso	NA	34.92	1.1	NA	NA	NA	NA	NA	NA	NA	NA	NA	NA	NA	NA	NA	52.1	625.2	14.4	2	NA	25.7	0.07	0	12.3	12.37	0.9	6.1	NA	NA	NA	NA	NA	NA	NA	NA	NA	NA	NA	NA	NA	NA	NA	NA	NA	10	0	NA	NA	10.511	NA	NA	115	54900	16300	705000	496000	89100	1290000	0.42	23	54.852	8.439	1398.207	NA	0.022940777	0.012086369	0.015517685	0.01344831	1.866687465	1.073333	0.327161	0.110679	0.071528	21.030837	0.996355	30.231796	18.970994	NA	NA	NA	NA	NA	NA	NA	NA	Mar	M02
132	MP2	2014.03.16T22.42.00	06.03.14	81.996	20.017	3000	320	meso	NA	34.95	2	NA	NA	NA	NA	NA	NA	13.42905405	0.00993	7.6e-4	0.00133	NA	0.028488276	0.0035822750000000002	47.9	574.8	16.1	3.9	NA	12.3	0	0	12.2	12.2	0.9	5.6	77.75241325	31.72185672	6.479	14.49340155	8.166399519	1.04	6.26	41.42	497.05	2.86	40.11	0.18	14.46	0.08	0.05	0.87	0.95	14	1	NA	NA	7.508	NA	NA	105	77900	19300	982000	648000	93600	1720000	0.33	22	51.688	7.911	1409.283	NA	0.038076405	0.017083746	0.047204341	0.24570447	2.069461534	1.760982	0.710814	0.27785	0.188033	18.54453	0.994309	24.005365	12.369881	NA	NA	NA	NA	NA	NA	NA	NA	Mar	M02
133	MP2	2014.03.16T22.42.00	06.03.14	81.996	20.017	3000	250	meso	NA	34.82	0.8	NA	NA	NA	NA	NA	NA	NA	NA	NA	NA	NA	NA	NA	57.2	686.4	16.2	4.1	NA	14	0	0	12.1	12.1	0.9	5.4	38.16667288	8.371560913	3.181	4.02563211	0.463653545	0.29	11.06	54.02	648.23	3.81	53.37	0.24	14.17	NA	NA	NA	NA	13	1	NA	NA	5.503	NA	NA	76	77900	20700	992000	635000	94500	1720000	0.36	22	56.435	13.186	1482.068	NA	0.022497679	0.011632608	0.014085479	0.015037498	1.883808813	1.100473	0.319756	0.105577	0.059517	22.034931	0.9974	30.507503	23.560985	NA	NA	NA	NA	NA	NA	NA	NA	Mar	M02
134	MP2	2014.03.16T22.42.00	06.03.14	81.996	20.017	3000	100	epi	NA	34.6	-0.5	NA	NA	NA	NA	NA	NA	NA	NA	NA	NA	NA	NA	NA	50.6	607.2	15	4.3	NA	11.8	0	0	10.7	10.7	0.8	4.7	NA	NA	NA	NA	NA	NA	NA	NA	NA	NA	NA	NA	NA	NA	NA	NA	NA	27	0	NA	NA	16.016	NA	NA	155	78500	21900	1070000	631000	88800	1790000	0.39	23	67.511	11.076	1891.878	NA	0.021621602	0.011189007	0.014717939	0.015043874	1.847178945	1.158003	0.354256	0.128562	0.077896	19.667865	0.997179	29.554249	19.298241	NA	NA	NA	NA	NA	NA	NA	NA	Mar	M02
135	MP2	2014.03.16T22.42.00	06.03.14	81.996	20.017	3000	75	epi	NA	34.5	-0.9	NA	NA	NA	NA	NA	NA	NA	NA	NA	NA	NA	NA	NA	61	732	15.1	7.4	NA	8.3	0	0.15	7.6	7.75	0.7	3	32.45381586	2.811005639	2.704	4.58993592	NA	NA	NA	NA	NA	NA	NA	NA	NA	0.06	0.05	0.74	0.81	46	1	NA	NA	16.525	NA	NA	121	114000	30300	1460000	1530000	225000	3220000	0.36	28	80.169	19.515	2559.072	NA	NA	NA	NA	NA	NA	1.360125	0.436622	0.148747	0.111899	19.317838	0.99628	30.110926	16.33038	NA	NA	NA	NA	NA	NA	NA	NA	Mar	M02
136	MP2	2014.03.16T22.42.00	06.03.14	81.996	20.017	3000	50	epi	NA	34.49	-1.2	NA	NA	NA	NA	NA	NA	NA	NA	NA	NA	NA	NA	NA	45.2	542.4	10.3	3.2	NA	14	0	0.08	7	7.08	0.6	3	NA	NA	NA	NA	NA	NA	NA	NA	NA	NA	NA	NA	NA	NA	NA	NA	NA	37	1	NA	NA	7.508	NA	NA	92	118000	35600	1630000	1530000	231000	3390000	0.43	29	74.367	19.515	2374.473	NA	0.022701697	0.010689362	0.014710591	0.01414736	1.750827658	1.361344	0.426326	0.143057	0.087785	20.522219	0.996828	30.893388	18.649885	NA	NA	NA	NA	NA	NA	NA	NA	Mar	M02
137	MP2	2014.03.16T22.42.00	06.03.14	81.996	20.017	3000	20	epi	NA	34.42	-1.4	NA	NA	NA	NA	NA	NA	NA	NA	NA	NA	NA	NA	NA	67.9	814.8	10.9	3.2	NA	21.1	0.69	0.09	6.9	7.68	0.6	2.8	NA	NA	NA	NA	NA	NA	NA	NA	NA	NA	NA	NA	NA	NA	NA	NA	NA	54	5	NA	NA	10.01	NA	NA	113	110000	31300	1780000	1380000	184000	3350000	0.4	30	69.62	17.405	2338.08	NA	0.022690733	0.010635105	0.0142549	0.011003398	1.759439642	1.360034	0.425016	0.141747	0.093384	20.333722	0.997281	30.827398	17.70727	NA	NA	NA	NA	NA	NA	NA	NA	Mar	M02
138	MP2	2014.03.16T22.42.00	06.03.14	81.996	20.017	3000	1	epi	NA	34.44	-1.8	NA	NA	NA	NA	NA	NA	NA	0.05401	0.00303	NA	NA	0.064613647	0.005602958	42.4	508.8	9.4	2.3	NA	18.4	0	0.099	7	7.099	0.6	2.8	29.80457928	6.92395746	2.484	0	NA	NA	NA	NA	NA	NA	NA	NA	NA	NA	NA	NA	NA	41	2	NA	NA	6.006	NA	NA	83	103000	22300	835000	1390000	200000	2430000	0.27	23	88.08	25.844	2400.316	NA	0.023183598	0.010780075	0.014738006	0.010615209	1.811236259	1.345178	0.412463	0.122285	0.078528	21.3159	0.997014	31.621847	23.587035	NA	NA	NA	NA	NA	NA	NA	NA	Mar	M02
139	MP2	2014.03.16T22.42.00	07.03.14	82.517	19.386	3000	20	epi	NA	34.4	-1.5	NA	NA	NA	NA	NA	NA	NA	NA	NA	NA	NA	NA	NA	43.5	522	8	2.5	NA	17.2	0.08	0	5.39	5.47	0.6	2.203	63.14716181	6.470568472	5.262	5.585003232	NA	NA	NA	NA	NA	NA	NA	NA	NA	NA	NA	NA	NA	48	0	NA	NA	12.519	NA	NA	78	111000	30200	1420000	1570000	312000	3300000	0.37	30	45.591	9.018	1734.97	NA	0.020889248	0.010046745	0.014511688	0.01242795	1.82073223	1.360802	0.400451	0.133303	0.080334	21.69096	0.99714	31.717991	17.074254	24.01	13.02	28.02	6.04	5.09	14.1	29.1	19.11	Mar	M03
140	MP2	2014.03.16T22.42.00	07.03.14	82.517	19.386	3000	5	epi	NA	34.355	-1.7	NA	NA	NA	NA	NA	NA	NA	NA	NA	NA	NA	NA	NA	45.4	544.8	9	3.5	NA	13.1	0.05	0	5.49	5.54	0.57	2.1	NA	NA	NA	NA	NA	NA	NA	NA	NA	NA	NA	NA	NA	NA	NA	NA	NA	24	0	NA	NA	NA	NA	NA	84	74500	19300	679000	1260000	193000	2130000	0.35	29	NA	NA	NA	NA	0.020398174	0.009678222	0.013832058	0.009095089	1.785410265	1.474913	0.526077	0.16220300000000001	0.095416	22.761455	0.997947	26.550648	18.508215	NA	NA	NA	NA	NA	NA	NA	NA	Mar	M03
141	MP2	2014.03.16T22.42.00	07.03.14	82.517	19.386	3000	1	epi	NA	34.355	-1.8	NA	NA	NA	NA	NA	NA	9.186241611	0.04998	0.00203	0.00459	NA	0.060370138	8.77e-5	44.2	530.4	7.9	2.4	NA	18.3	NA	0.1	5.39	5.49	0.534	2.201	91.00538788	29.15994071	7.584	7.65799811	2.293103764	0.55	13.86	36.62	439.39	1.863000135	26.08	0.24	19.65	NA	NA	NA	NA	58	4.008	NA	NA	4.004	NA	NA	267	111000	29700	1190000	1860000	394000	3440000	0.36	31	44.066	9.014	1483.726	NA	0.022241824	0.01027727	0.015023504	0.020674492	1.606521697	1.365724	0.416888	0.12671	0.085256	23.743856	0.997328	31.533414	18.117815	NA	NA	NA	NA	NA	NA	NA	NA	Mar	M03
143	MP2	2014.03.16T22.42.00	08.03.14	82.382	19.873	3000	20	epi	NA	34.44	-1.7	NA	NA	NA	NA	NA	NA	NA	0.0389	0.01099	NA	NA	0.060011018	0.002933927	60.4	724.8	12	5.8	NA	10.4	0.6	0.11	5.49	6.2	0.562	2.203	94.31159688	20.33724754	7.859	5.355941193	0.983167255	0.38	20.54	52.54	630.49	5.42	75.84	0.45	9.7	0.1	0.02	0.96	1.06	45	2	NA	NA	0	NA	NA	NA	118000	40400	1720000	1460000	213000	3390000	0.52	29	NA	NA	NA	NA	0.020710996	0.009961313	0.017433116	0.012664058	1.993575626	1.413003	0.413501	0.130232	0.088778	22.160408	0.997311	32.853343	20.199499	24.01	13.02	28.02	6.04	5.09	14.1	29.1	19.11	Mar	M04
144	MP2	2014.03.16T22.42.00	08.03.14	82.382	19.873	3000	5	epi	NA	34.44	-1.78	NA	NA	NA	NA	NA	NA	NA	NA	NA	NA	NA	NA	NA	75.4	904.8	10.3	4.8	NA	15.7	0	0.11	5.39	5.502	0.471	2.195	NA	NA	NA	NA	NA	NA	NA	NA	NA	NA	NA	NA	NA	NA	NA	NA	NA	NA	NA	NA	NA	2.004	NA	NA	NA	NA	NA	NA	NA	NA	NA	NA	NA	NA	NA	NA	NA	0.019618728	0.009565876	0.01617655	0.009285586	1.881821052	1.40054	0.465522	0.11086	0.067103	26.936409	0.997193	29.567615	32.142917	NA	NA	NA	NA	NA	NA	NA	NA	Mar	M04
145	MP2	2014.03.16T22.42.00	08.03.14	82.382	19.873	3000	1	epi	NA	34.4	-1.78	NA	NA	NA	NA	NA	NA	NA	0.07296	0.03111	NA	NA	0.064629147	0.003728616	65.4	784.8	12.8	7.1	NA	9.2	0.09	0.11	5.49	5.692	0.534	2.201	57.12574592	11.4064625	4.76	11.8664744	2.721656639	0.85	5.62	60.64	727.67	6.26	87.65	0.49	9.69	0.05	NA	0.65	0.7	34	1	NA	NA	10.02	NA	NA	NA	133000	37200	1710000	1680000	299000	3690000	0.39	28	NA	NA	NA	NA	0.020359335	0.010221813	0.017667119	0.017292523	1.693189202	1.402121	0.425649	0.11935	0.077896	23.685756	0.996553	32.90139	21.152564	NA	NA	NA	NA	NA	NA	NA	NA	Mar	M04
146	MP2	2014.03.16T22.42.00	08.03.14	82.553	21.034	3000	120	epi	NA	34.7	0.8	NA	NA	NA	NA	NA	NA	NA	0.03623	0.00133	NA	NA	0.054674648	0.001434083	57.9	694.8	12.6	1.5	NA	39.7	0.24	0	10.9	11.14	0.831	4.6	50.97890674	6.67870937	4.248	5.443903166	1.040783009	0.39	10.93	53.65	643.82	1.07	15	0.09	50.09	0.02	0.02	0.35	0.37	51	2	NA	NA	10.511	NA	NA	208	130000	33600	1470000	1340000	216000	3020000	0.35	23	95.143	24.537	1828.242	NA	0.023888235	0.011590618	0.025869726	0.021586011	1.848302275	1.354525	0.417204	0.129329	0.092481	22.414141	0.996999	31.265821	19.5505	24.01	13.02	28.02	6.04	5.09	14.1	29.1	19.11	Mar	M05
147	MP2	2014.03.16T22.42.00	08.03.14	82.553	21.034	3000	20	epi	NA	34.4	-1.7	NA	NA	NA	NA	NA	NA	NA	0.05686	8.7e-4	NA	NA	0.045458407	0.004374401	72.1	865.2	11.1	4.4	NA	16.2	0.28	0.09	6.286	6.656	0.571	2.5	62.22342767	15.0908748	5.185	6.484068201	3.383511396	0.46	11.2	66.91	802.98	3.98	55.73	0.36	16.81	0.03	0.03	0.46	0.49	53	1	NA	NA	9.014	NA	NA	126	132000	35300	1680000	1700000	264000	3650000	0.37	28	90.135	24.036	1785.178	NA	0.024209548	0.011825385	0.026771756	0.024252411	1.943199705	1.395302	0.421133	0.126349	0.077986	22.446262	0.997412	31.431676	22.369328	NA	NA	NA	NA	NA	NA	NA	NA	Mar	M05
148	MP2	2014.03.16T22.42.00	08.03.14	82.553	21.034	3000	5	epi	NA	34.4	-1.78	NA	NA	NA	NA	NA	NA	NA	NA	NA	NA	NA	NA	NA	62.6	751.2	11.6	5.8	NA	10.8	NA	0.11	5.711	5.821	0.546	2.3	NA	NA	NA	NA	NA	NA	NA	NA	NA	NA	NA	NA	NA	NA	NA	NA	NA	38	2	NA	NA	8.016	NA	NA	96	87500	30900	925000	1170000	155000	2250000	0.55	26	103.655	21.532	1602.904	NA	0.020602189	0.009900604	0.017428936	0.014521602	1.75997705	1.45816	0.51393	0.131632	0.087875	26.381006	0.997415	28.232191	21.105986	NA	NA	NA	NA	NA	NA	NA	NA	Mar	M05
149	MP2	2014.03.16T22.42.00	08.03.14	82.553	21.034	3000	NA	meso	NA	34.355	-1.78	NA	NA	NA	NA	NA	NA	NA	NA	NA	NA	NA	NA	NA	32.8	393.6	6.8	NA	NA	NA	NA	NA	NA	NA	NA	NA	NA	NA	NA	NA	NA	NA	NA	NA	NA	NA	NA	NA	NA	NA	NA	NA	NA	19	4	NA	NA	4.004	NA	NA	420	25900	8130	579000	497000	74700	1150000	0.46	44	18.036	3.006	1173.347	NA	0.026013402	0.007502071	0.020398348	0.031053467	1.958975104	0.676585	0.2275	0.057078	0.040957	26.769946	0.992786	30.045226	32.120457	NA	NA	NA	NA	NA	NA	NA	NA	Mar	M05
150	MP2	2014.03.16T22.42.00	08.03.14	82.553	21.034	3000	NA	meso	NA	34.355	-1.78	NA	NA	NA	NA	NA	NA	NA	NA	NA	NA	NA	NA	NA	42.3	507.6	7.4	NA	NA	NA	NA	NA	NA	NA	NA	NA	NA	NA	NA	NA	NA	NA	NA	NA	NA	NA	NA	NA	NA	NA	NA	NA	NA	20	6	NA	NA	4.006	NA	NA	508	37700	11500	641000	593000	88500	1320000	0.44	35	51.577	10.516	1482.724	NA	0.023271625	0.0064153429999999996	0.018511728	0.03041597	1.984437736	0.597109	0.187175	0.046692	0.023662	29.81978	0.983609	29.865164	32.14926	NA	NA	NA	NA	NA	NA	NA	NA	Mar	M05
151	MP2	2014.03.16T22.42.00	08.03.14	82.553	21.034	3000	NA	meso	NA	34.355	-1.78	NA	NA	NA	NA	NA	NA	NA	NA	NA	NA	NA	NA	NA	35.9	430.8	7	NA	NA	NA	NA	NA	NA	NA	NA	NA	NA	NA	NA	NA	NA	NA	NA	NA	NA	NA	NA	NA	NA	NA	NA	NA	NA	75	12	NA	NA	5.008	NA	NA	759	36700	12500	749000	544000	62100	1360000	0.52	37	29.058	3.006	1447.395	NA	0.017858372	0.00550551	0.018805266	0.059598049	1.882414202	0.555881	0.182795	0.035403	0.023888	32.799442	0.978872	33.43056	30.881423	NA	NA	NA	NA	NA	NA	NA	NA	Mar	M05
152	MP2	2014.03.16T22.42.00	08.03.14	82.553	21.034	3000	NA	meso	NA	34.355	-1.78	NA	NA	NA	NA	NA	NA	NA	NA	NA	NA	NA	NA	NA	50.2	602.4	8.1	NA	NA	NA	NA	NA	NA	NA	NA	NA	NA	NA	NA	NA	NA	NA	NA	NA	NA	NA	NA	NA	NA	NA	NA	NA	NA	11	3	NA	NA	19.52	NA	NA	1319	38100	8270	644000	593000	89700	1330000	0.28	35	45.568	9.014	1255.383	NA	0.029879267	0.009089085	0.052983504	0.08119283	2.105736641	0.756919	0.261774	0.052201	0.024565	31.939492	0.992349	30.583746	31.450769	NA	NA	NA	NA	NA	NA	NA	NA	Mar	M05
153	MP2	2014.03.16T22.42.00	08.03.14	82.553	21.034	3000	1000	meso	NA	34.55	-0.45	NA	NA	NA	NA	NA	NA	NA	NA	NA	NA	NA	NA	NA	53.2	638.4	15.7	2.3	NA	23.1	0	0	13.4	13.4	1	8	44.5265396	6.197467681	3.711	6.663021325	NA	0.48	7.8	49.49	593.87	1.82	25.54	0.12	27.13	0.01	0	0.25	0.26	1	0	NA	NA	0.501	NA	NA	41	32800	10400	690000	360000	70300	1120000	0.46	34	35.035	9.51	946.947	NA	0.028765579	0.015479666	0.023598355	0.023112507	1.840354894	1.209256	0.382479	0.136058	0.092301	20.833409	0.996781	29.065205	15.847332	NA	NA	NA	NA	NA	NA	NA	NA	Mar	M05
154	MP2	2014.03.16T22.42.00	08.03.14	82.553	21.034	3000	320	meso	NA	34.9	2.1	NA	NA	NA	NA	NA	NA	NA	NA	NA	NA	NA	NA	NA	39.9	478.2	14.6	2.1	NA	19.4	0.1	0	12.5	12.5	0.9	5.8	43.60836248	8.401839356	3.634	4.59362728	0.6741715	0.33	11.08	36.22	434.59	1.72	24.11	0.12	21.03	NA	NA	NA	NA	13	0	NA	NA	2.503	NA	NA	49	27500	3070	3040000	299000	16400	3360000	0.13	122	28.543	8.012	798.197	NA	0.026087161	0.013528066	0.020909945	0.018330769	1.731053802	1.212417	0.38564	0.136916	0.095462	22.928437	0.997167	29.763255	16.669331	NA	NA	NA	NA	NA	NA	NA	NA	Mar	M05
155	MP2	2014.03.16T22.42.00	08.03.14	82.553	21.034	3000	5	epi	NA	34.4	-1.8	NA	NA	NA	NA	NA	NA	NA	NA	NA	NA	NA	NA	NA	63	756	12.7	12.7	NA	5	0	0	NA	NA	NA	NA	NA	NA	NA	NA	NA	NA	NA	NA	NA	NA	NA	NA	NA	NA	NA	NA	NA	31	0	NA	NA	0.501	NA	NA	21	72900	13100	1230000	776000	102000	2110000	0.22	29	52.078	5.508	3355.533	NA	0.024547524	0.011412922	0.020852721	0.025383762	1.849022188	1.535649	0.556874	0.160758	0.114698	25.77174	0.998053	27.383817	18.84602	NA	NA	NA	NA	NA	NA	NA	NA	Mar	M05
156	MP2	2014.03.16T22.42.00	09.03.14	80.856	15.083	3000	1000	meso	NA	34.91	-0.4	NA	NA	NA	NA	NA	NA	NA	NA	NA	NA	NA	NA	NA	53.2	638.4	15.7	2.3	NA	23.1	0	0	13.4	13.4	0.7577	4.3933	NA	NA	NA	NA	NA	NA	NA	NA	NA	NA	NA	NA	NA	0.04	NA	0.58	0.62	5	0	NA	NA	3.505	NA	NA	83	59300	20100	565000	450000	93700	1110000	0.51	19	30.531	5.506	1204.705	NA	0.026061134	0.013969599	0.02138165	0.018166116	1.777640935	1.138856	0.35123	0.12093	0.070264	22.449383	0.99776	30.128921	21.978042	16.01	8.02	23.02	10.04	1.09	18.1	2.11	26.11	Mar	M06
157	MP2	2014.03.16T22.42.00	09.03.14	80.856	15.083	3000	475	meso	NA	34.9	2.51	NA	NA	NA	NA	NA	NA	NA	NA	NA	NA	NA	NA	NA	31.8	381.6	13	0.5	NA	65.1	0	0.0117	12.5	12.5117	0.6671	3.7594	52.58412605	6.607874102	4.382	4.491540633	0.580570763	0.32	13.66	27.42	329.02	0.17	2.34	0.01	163.71	NA	NA	NA	NA	6	1	NA	NA	27.027	NA	NA	237	103000	35700	1020000	1110000	158000	2290000	0.53	22	66.567	13.013	2321.321	NA	0.023953827	0.010408169	0.017201559	0.016723708	1.795596048	1.187219	0.332806	0.088688	0.040325	22.100768	0.995757	32.876528	27.117067	NA	NA	NA	NA	NA	NA	NA	NA	Mar	M06
158	MP2	2014.03.16T22.42.00	09.03.14	80.856	15.083	3000	20	epi	NA	35.025	3.2	NA	NA	NA	NA	NA	NA	NA	0.02127	0.00189	NA	NA	0.045458407	0.004374401	54.1	649.2	16.5	6	NA	9.1	0	0.0086	10.52	10.524	0.7535	4.2172	56.61984121	2.262976196	4.718	5.636206418	1.360420445	0.4	11.72	49.38	592.58	5.57	78.03	0.34	8.86	0.03	0.03	0.43	0.46	7	2	NA	NA	31.532	NA	NA	149	124000	38300	1580000	1250000	207000	3030000	0.45	25	69.639	12.024	2904.309	NA	0.022733093	0.010602441	0.018454022	0.016473434	1.552468601	1.267418	0.383066	0.115918	0.058343	22.006749	0.996872	31.825075	29.207461	NA	NA	NA	NA	NA	NA	NA	NA	Mar	M06
159	MP2	2014.03.16T22.42.00	09.03.14	80.856	15.083	3000	5	epi	NA	34.4	-1.8	NA	NA	NA	NA	NA	NA	NA	NA	NA	NA	NA	NA	NA	51	612	16.2	8.5	NA	6	0	0.0226	7.63	7.6572	0.6337	2.055	NA	NA	NA	NA	NA	NA	NA	NA	NA	NA	NA	NA	NA	NA	NA	NA	NA	9	0	NA	NA	17.017	NA	NA	94	89600	29700	672000	900000	120000	1690000	0.5	19	68.102	15.523	2109.164	NA	0.02149519	0.010075987	0.018243297	0.019146296	1.716679833	1.38311	0.510273	0.125672	0.063491	27.228025	0.997865	25.973442	36.671961	NA	NA	NA	NA	NA	NA	NA	NA	Mar	M06
255	MP3	2014.05.18T23.16.00	18.05.14	79.975	10.709	376	365	meso	369.31	35.1	2.3	2.27	5.99	7.57	0.44	0.19	28.03	NA	0.821	NA	0.435	NA	NA	NA	70.1	841.2	13.4	4.1	56.7	17.3	0.05	NA	9.3	9.35	0.7	4.4	78.05	16.75	6.5	11.67	0.8	0.83	7.81	63.6	763.15	3.22	45.03	0.24	19.77	NA	NA	NA	NA	3419.679	528.112	46.185	481.927	1347.39	431.727	12.048	NA	542000	108000	1100000	219000	177000	1490000	0.25	2.03	40.161	30.12	12363.454	NA	0.023542472	0.010603062	0.019178756	0.026847418	1.600162977	1.436395	1.130096	0.125988	0.093746	NA	0.952088	0.518071	19.683984	10.01	5.02	20.02	14.04	29.08	21.1	5.11	2.12	May	P01
256	MP3	2014.05.18T23.16.00	18.05.14	79.975	10.709	376	200	meso	201.05	35.13	3	2.99	5.82	7.44	0.21	0.09	27.98	NA	0.236	NA	0.066	NA	NA	NA	63.1	757.2	14.2	4	56.6	15.6	0.06	NA	10.1	10.16	0.7	4.8	41.76	2.58	3.48	7.25	0.53	0.52	6.72	59.62	715.44	3.52	49.31	0.25	16.93	0.11	0.03	1.02	1.13	3583.501	251.509	20.121	231.388	372.233	146.881	6.036	NA	304000	38100	737000	204000	125000	1070000	0.14	2.42	34.696	10.023	5842.714	NA	0.024943119	0.011483593	0.023928609	0.040398988	1.621164517	1.379181	0.907066	0.117137	0.091804	NA	0.95912	4.978481	17.788875	NA	NA	NA	NA	NA	NA	NA	NA	May	P01
257	MP3	2014.05.18T23.16.00	18.05.14	79.975	10.709	376	100	epi	102.45	35.11	3.05	3.05	5.75	7.43	0.12	0.06	27.97	NA	0.6	NA	0.031	NA	NA	NA	79.1	949.2	13	2.8	39.2	28.3	NA	NA	10.2	10.2	0.8	4.3	49.81	4.5	4.15	8.48	1.31	0.61	6.85	74.95	899.39	2.19	30.72	0.17	34.16	0.06	0.03	0.75	0.82	1124.748	146.881	12.072	134.809	108.652	42.254	6.036	NA	209000	28500	516000	278000	142000	936000	0.16	2.47	48.574	6.939	3916.731	NA	0.023153543	0.010645064	0.020633649	0.032404522	1.608034962	1.533663	1.890628	0.115015	0.08047	NA	0.975858	-8.600186	21.688933	NA	NA	NA	NA	NA	NA	NA	NA	May	P01
258	MP3	2014.05.18T23.16.00	18.05.14	79.975	10.709	376	75	epi	75.76	35.08	2.9	2.89	5.81	7.46	0.18	0.09	27.96	NA	0.323	NA	0.193	NA	NA	NA	57.4	688.8	16.4	6.2	86.8	9.3	0	NA	10.2	10.2	0.7	4.5	34.47	4.14	2.87	4.47	1.56	0.32	8.99	54.53	654.33	5.88	82.33	0.36	9.27	0.08	0.08	0.85	0.93	1273.642	334.004	94.567	239.437	171.026	189.135	10.06	NA	217000	34000	613000	295000	96900	1000000	0.19	2.82	55.513	16.191	4757.903	NA	0.023325763	0.010610577	0.019124356	0.023041829	1.589750893	1.255812	0.534973	0.106615	0.078979	NA	0.983719	17.582975	18.859892	NA	NA	NA	NA	NA	NA	NA	NA	May	P01
259	MP3	2014.05.19T00.35.00	18.05.14	79.973	10.694	379	50	epi	50.2	35.07	2.87	2.86	5.85	7.47	0.48	0.1	27.95	NA	1.126	NA	0.376	NA	NA	NA	140.1	1681.2	14	4.1	57.3	34.3	0.01	NA	9.9	9.91	0.8	4.2	57.82	5.48	4.82	10.02	0.52	0.72	6.73	135.28	1623.38	3.37	47.24	0.24	40.09	0.13	0.03	1.14	1.27	2052.314	329.98	66.398	263.582	126.761	130.785	12.072	NA	283000	44500	625000	196000	142000	963000	0.19	2.21	38.551	23.13	5786.43	NA	NA	NA	NA	NA	NA	NA	NA	NA	NA	NA	NA	NA	NA	NA	NA	NA	NA	NA	NA	NA	NA	May	P01
260	MP3	2014.05.19T00.35.00	18.05.14	79.973	10.694	379	40	epi	39.62	35.07	2.92	2.92	5.85	7.46	0.51	0.1	27.95	NA	0.118	NA	0.8	NA	NA	NA	52.7	632.4	14.5	4.8	67.3	11	0.09	NA	9.6	9.69	0.7	4	38.97	4.59	3.25	6.63	0.7	0.47	6.86	49.45	593.43	4.34	60.71	0.3	11.4	0.26	0.12	1.71	1.97	2660.643	542.169	112.45	429.719	132.53	182.731	22.088	NA	331000	55400	645000	263000	119000	1030000	0.2	1.95	58.597	16.962	6842.714	NA	0.022968766	0.011127942	0.01945749	0.029199104	1.649762774	1.282139	0.724813	0.105306	0.073064	NA	0.96369	8.794119	19.698729	NA	NA	NA	NA	NA	NA	NA	NA	May	P01
261	MP3	2014.05.19T00.35.00	18.05.14	79.973	10.694	379	30	epi	29.47	35	2.52	2.52	6.07	7.54	2.69	0.18	27.93	NA	3.881	NA	2.674	NA	NA	NA	71.4	856.8	11.4	1.8	25.8	38.8	0.46	NA	9.1	9.56	0.7	3	164.23	25.75	13.69	25.33	0.36	1.81	7.57	57.71	692.57	0.03	0.43	0	1866.87	0.18	0.03	1.38	1.56	4498.994	1953.722	366.197	1587.525	130.785	1110.664	10.06	NA	537000	109000	1450000	356000	219000	2030000	0.25	2.7	70.162	167.309	9457.98	NA	NA	NA	NA	NA	NA	NA	NA	NA	NA	NA	NA	NA	NA	NA	NA	NA	NA	NA	NA	NA	NA	May	P01
262	MP3	2014.05.19T00.35.00	18.05.14	79.973	10.694	379	20	epi	19.15	34.89	2.07	2.07	6.37	7.63	4.17	0.28	27.87	NA	6.861	NA	5.207	NA	NA	NA	80.8	969.6	11.8	4.3	59.5	19	0.25	NA	7.3	7.55	0.5	2.1	235.4	17.26	19.62	44.31	4.04	3.17	6.2	61.18	734.2	1.08	15.19	0.09	56.39	1.08	0.1	3.85	4.92	4779.116	3497.992	584.337	2913.655	154.618	2592.369	10.04	NA	823000	232000	2220000	188000	255000	2660000	0.39	2.7	95.679	135.031	16960.648	NA	0.023212813	0.010536925	0.018852978	0.027083859	1.615691387	1.380265	1.120026	0.106706	0.07907	NA	0.96395	-0.353271	19.698187	NA	NA	NA	NA	NA	NA	NA	NA	May	P01
263	MP3	2014.05.19T00.35.00	18.05.14	79.973	10.694	379	10	epi	11.1	34.82	1.87	1.87	6.6	7.67	9.6	0.3	27.84	NA	8.339	NA	7.253	NA	NA	NA	69.3	831.6	11.9	5.3	73.5	13.2	0.15	NA	6.5	6.65	0.5	2	274.28	7.99	22.86	51.32	4.04	3.67	6.24	46.44	557.32	1.58	22.18	0.13	29.31	1.18	0.07	4.07	5.25	4947.791	4295.181	686.747	3608.434	136.546	3373.494	18.072	NA	852000	248000	2190000	202000	269000	2660000	0.41	2.57	67.078	114.109	16635.312	NA	0.021349571	0.010106212	0.0180493	0.022790244	1.576215049	1.283945	0.669044	0.102506	0.070264	NA	0.970199	11.318274	19.559901	NA	NA	NA	NA	NA	NA	NA	NA	May	P01
264	MP3	2014.05.19T00.35.00	18.05.14	79.973	10.694	379	5	epi	5.51	34.68	1.43	1.43	6.65	7.77	7.02	0.39	27.76	NA	11.318	NA	6.807	NA	NA	NA	118.3	1419.6	12	6.4	89.7	18.5	0.09	NA	5.5	5.59	0.4	1.8	353.79	17.05	29.48	66.19	2.78	4.73	6.24	88.82	1065.81	1.68	23.55	0.14	52.8	1.11	0.01	3.92	5.03	5303.823	5136.821	867.203	4269.618	162.978	4293.763	64.386	NA	803000	250000	2570000	171000	294000	3030000	0.45	3.2	83.462	412.674	20012.365	NA	0.022924154	0.010170283	0.017537827	0.024554958000000002	1.64105912	1.289951	0.645111	0.115421	0.083179	NA	0.969825	12.814954	19.707798	NA	NA	NA	NA	NA	NA	NA	NA	May	P01
265	MP3	2014.05.19T00.35.00	18.05.14	79.973	10.694	379	1	epi	1.92	34.52	1.01	1.01	6.71	7.86	5.04	0.49	27.66	NA	11.561	NA	6.77	NA	NA	NA	93.9	1126.8	10.5	5.7	80.2	16.4	0.07	NA	4.7	4.77	0.4	1.9	389.04	33.88	32.42	75.35	8.33	5.38	6.02	61.48	737.76	0.35	4.87	0.03	176.61	1.29	0.08	4.28	5.58	5676.707	4303.213	961.847	3341.366	144.578	3423.695	58.233	NA	746000	253000	3130000	149000	292000	3580000	0.51	4.2	80.123	448.382	20608.629	NA	NA	NA	NA	NA	NA	NA	NA	NA	NA	NA	NA	NA	NA	NA	NA	NA	NA	NA	NA	NA	NA	May	P01
278	MP3	2014.05.23T06.38.00	23.05.14	79.718	9.457	386	375	meso	379.17	35.11	2.37	2.34	5.91	7.56	0.15	0.21	28.03	NA	0.268	NA	0.107	NA	NA	NA	56	672	14.3	3.9	54.6	14.4	0.59	NA	9.81	10.4	0.69	4.52	40.64	1.65	3.39	6.5	1.88	0.46	7.29	52.61	631.36	3.44	48.1	0.24	15.31	NA	NA	NA	NA	3412.475	175.05	8.048	167.002	44.266	44.266	12.072	NA	408000	43900	486000	168000	64500	719000	0.12	1.19	68.136	3.006	7172.345	NA	0.019082999	0.010312297	0.018953702	0.023262629	1.665888789	1.353306	0.777556	0.070535	0.047505	NA	0.974304	6.990137	33.772299	8.01	4.02	20.02	14.04	28.08	21.1	5.11	4.12	May	P03
279	MP3	2014.05.23T06.38.00	23.05.14	79.718	9.457	386	200	meso	201.56	35.11	2.96	2.95	5.76	7.45	0.1	0.07	27.98	NA	0.134	NA	0.062	NA	NA	NA	66.9	802.8	15.3	4.3	59.9	15.6	0.18	NA	10.84	11.02	0.78	4.7	26.96	2.66	2.25	4.47	0.26	0.32	7.04	64.65	775.84	3.96	55.45	0.26	16.32	0.07	0.02	0.76	0.83	454.728	142.857	30.181	112.676	26.157	24.145	6.036	NA	196000	22900	1580000	148000	206000	1940000	0.13	8.09	69.385	10.014	3867.668	NA	0.018902787	0.009893743	0.018477437	0.025548955	1.837720127	1.211875	0.592368	0.076496	0.051163	NA	0.976927	11.917062	27.658028	NA	NA	NA	NA	NA	NA	NA	NA	May	P03
280	MP3	2014.05.23T06.38.00	23.05.14	79.718	9.457	386	100	epi	102.97	35.11	3.16	3.15	5.78	7.41	0.14	0.08	27.96	NA	0.307	NA	0.165	NA	NA	NA	60.6	727.2	14.3	3.8	53.8	15.8	NA	NA	10.46	10.46	0.76	4.47	73.85	6.66	6.15	11.22	1.5	0.8	7.68	54.45	653.35	3.04	42.54	0.21	17.92	0.05	0.04	0.68	0.74	1118.474	248.996	36.145	212.851	76.305	86.345	4.016	NA	255000	24400	412000	407000	48100	866000	0.11	1.61	71.531	11.445	3633.763	NA	0.016741579	0.00888784	0.01609023	0.018783416	1.616690099	1.252787	0.898125	0.087469	0.069045	87.362773	0.971321	1.528973	17.656056	NA	NA	NA	NA	NA	NA	NA	NA	May	P03
281	MP3	2014.05.23T06.38.00	23.05.14	79.718	9.457	386	75	epi	75.67	35.11	3.17	3.16	5.81	7.41	0.82	0.11	27.96	NA	1.342	NA	1.071	NA	NA	NA	80.8	969.6	14.6	4.2	58.7	19.3	0.24	NA	10.17	10.41	0.74	4.4	36.9	5.95	3.07	5.77	1.71	0.41	7.46	77.73	932.7	3.78	52.89	0.26	20.57	0.06	0.03	0.71	0.77	2173.038	649.899	185.111	464.788	62.374	72.435	16.097	NA	332000	33300	436000	448000	58900	943000	0.11	1.31	76.538	10.014	4894.85	NA	0.018070001	0.009781447	0.01740066	0.017227888	1.735975567	1.194083	0.445608	0.077128	0.047189	NA	0.98947	20.028823	28.550762	NA	NA	NA	NA	NA	NA	NA	NA	May	P03
282	MP3	2014.05.23T09.11.00	23.05.14	79.728	9.346	402	50	epi	49.81	35.1	3.18	3.18	5.77	7.41	0.56	0.12	27.95	NA	1.5	NA	1.101	NA	NA	NA	56.2	674.4	14.1	3.6	50.5	15.6	0.64	NA	9.85	10.49	0.72	4	220.86	11.58	18.41	38.56	0.76	2.75	6.68	37.79	453.54	0.86	11.98	0.06	44.16	0.12	0.09	1.06	1.17	2096.386	907.631	347.39	560.241	50.201	220.884	8.032	NA	347000	35900	518000	353000	65900	937000	0.12	1.49	97.45	17.304	5590.164	NA	NA	NA	NA	NA	NA	NA	NA	NA	NA	NA	NA	NA	NA	NA	NA	NA	NA	NA	NA	NA	NA	May	P03
283	MP3	2014.05.23T09.11.00	23.05.14	79.728	9.346	402	40	epi	40.12	35.06	2.92	2.92	6.03	7.46	2.64	0.24	27.94	NA	7.318	NA	5.021	NA	NA	NA	123.8	1485.6	14.4	5.6	78.5	22.1	NA	NA	8.79	8.79	0.65	2.78	61.25	2.34	5.1	9.17	0.65	0.65	7.79	118.7	1424.35	4.96	69.37	0.34	23.95	0.18	0.05	1.35	1.53	3811.245	2913.655	901.606	2012.049	94.378	909.639	6.024	NA	702000	115000	965000	347000	137000	1450000	0.2	1.37	145.923	42.203	9837.625	NA	0.020805373	0.010777853	0.018336953	0.02108979	1.74927719	1.202663	0.435764	0.090314	0.058072	34.134783	0.992724	22.054755	21.947336	NA	NA	NA	NA	NA	NA	NA	NA	May	P03
284	MP3	2014.05.23T09.11.00	23.05.14	79.728	9.346	402	30	epi	31.16	34.97	2.52	2.51	6.42	7.54	5.47	0.37	27.91	NA	6.923	NA	5.059	NA	NA	NA	77.5	930	11.6	3.5	48.3	22.5	0.65	NA	7.5	8.15	0.61	1.59	244.03	21.32	20.34	44.83	4.64	3.2	6.35	57.16	685.97	0.25	3.47	0.02	230.34	0.26	0.03	1.7	1.97	4805.221	5469.88	905.622	4564.258	82.329	2837.349	22.088	NA	928000	179000	2000000	71500	318000	2390000	0.24	2.16	189.522	244.992	14392.142	NA	NA	NA	NA	NA	NA	NA	NA	NA	NA	NA	NA	NA	NA	NA	NA	NA	NA	NA	NA	NA	NA	May	P03
285	MP3	2014.05.23T09.11.00	23.05.14	79.728	9.346	402	20	epi	19.92	34.51	0.9	0.89	7.05	7.88	9.27	0.43	27.66	NA	11.228	NA	7.171	NA	NA	NA	107.9	1294.8	10.2	5.2	73.2	20.6	0.37	NA	4.6	4.97	0.41	1.15	425.16	19.48	35.43	80.19	4.17	5.73	6.19	72.47	869.64	-0.5	NA	-0.05	-145.6	0.68	0.12	2.94	3.62	5500	7214.859	795.181	6419.678	142.57	5500	28.112	NA	1260000	354000	3520000	76900	652000	4250000	0.39	2.8	261.171	1335.131	28024.653	NA	0.017527981	0.008772718	0.015701182	0.013982572	1.712691303	1.279068	0.59738	0.109144	0.079205	NA	0.976894	14.35709	19.617284	NA	NA	NA	NA	NA	NA	NA	NA	May	P03
286	MP3	2014.05.23T09.11.00	23.05.14	79.728	9.346	402	10	epi	10.52	34.16	-0.19	-0.19	7.43	8.13	14.12	0.56	27.44	NA	14.492	NA	9.924	NA	NA	NA	124.5	1494	8.1	7	97.3	17.9	0.37	NA	0.78	1.15	0.12	0.94	878.39	455.68	73.2	166.62	105.72	11.9	6.15	51.3	615.61	-4.95	NA	-0.61	-10.36	0.73	0.1	3.07	3.8	5579.477	7090.543	991.952	6098.591	162.978	5655.936	40.241	NA	1440000	518000	4540000	129000	639000	5300000	0.56	3.14	263.279	1358.737	43740.57	NA	0.018269908	0.009295097	0.016074975	0.018301608	1.692779836	1.174304	0.432738	0.082682	0.045834	NA	0.988646	21.602364	28.145032	NA	NA	NA	NA	NA	NA	NA	NA	May	P03
287	MP3	2014.05.23T09.11.00	23.05.14	79.728	9.346	402	5	epi	4.93	34.17	-0.17	-0.17	7.39	8.13	13.48	0.58	27.45	NA	14.343	NA	8.897	NA	NA	NA	105.5	1266	9.5	8.5	118.9	12.4	0.22	NA	0.79	1.01	0.08	0.88	607.51	20.23	50.63	104.56	3.78	7.47	6.78	54.87	658.49	1.02	14.3	0.11	53.72	1.38	0.02	4.44	5.82	5138.554	7134.538	1018.072	6116.466	204.819	6259.036	66.265	NA	1460000	489000	3750000	123000	610000	4490000	0.5	2.57	316.397	1440.339	37160.123	NA	0.019320526	0.009768261	0.016643055	0.017931822	1.812692321	1.14852	0.360894	0.070716	0.038474	NA	0.989152	26.678672	35.602132	NA	NA	NA	NA	NA	NA	NA	NA	May	P03
288	MP3	2014.05.23T09.11.00	23.05.14	79.728	9.346	402	1	epi	2.45	34.07	-0.34	-0.34	7.54	8.17	4.53	0.54	27.37	NA	13.46	NA	8.139	NA	NA	NA	95.9	1150.8	8.2	7.3	102.5	13.1	0.17	NA	0.71	0.88	0.06	0.86	627.07	5.43	52.26	103.17	1.93	7.37	7.09	43.64	523.73	-0.05	NA	-0.01	-880.57	1.2	0.04	4.11	5.31	5943.662	8265.594	945.674	7319.92	185.111	7265.594	28.169	NA	1480000	545000	3920000	154000	746000	4820000	0.58	2.65	299.461	1708.237	44031.563	NA	0.017026599	0.009027522	0.015961785	0.022872132	1.77384037	1.140572	0.332219	0.078889	0.058162	NA	0.989078	30.097743	22.430798	NA	NA	NA	NA	NA	NA	NA	NA	May	P03
289	MP3	2014.05.25T07.06.00	24.05.14	79.771	6.27	1032	1000	meso	1013.81	34.93	-0.81	-0.85	5.42	8.23	0.04	0.16	28.09	NA	0.012	NA	0.006	NA	NA	NA	56.1	673.2	18	3.9	54	14.5	0.23	NA	13.91	14.14	1.06	10.78	29.66	0.53	2.47	3.71	1.28	0.26	9.33	53.63	643.54	3.6	50.33	0.2	14.92	NA	NA	NA	NA	60.12	10.02	2.004	8.016	0	18.036	6.012	NA	48700	10900	209000	147000	46900	403000	0.29	4.3	22.342	3.082	1161.017	NA	0.022888733	0.01373619	0.019460155	0.016861102	1.807789001	1.069856	0.44344	0.054233	0.017385	NA	0.981155	17.096599	26.398509	8.01	4.02	20.02	14.04	28.08	21.1	5.11	4.12	May	P04
290	MP3	2014.05.25T07.06.00	24.05.14	79.771	6.27	1032	750	meso	759.49	34.95	0.16	0.13	5.63	8.01	0.04	0.07	28.06	NA	0.009	NA	0.005	NA	NA	NA	69.3	831.6	16.4	3.1	42.7	22.7	0.19	NA	13.16	13.35	1.01	6.81	27.35	3.94	2.28	3.1	1.04	0.22	10.3	67.02	804.25	2.83	39.6	0.17	23.69	NA	NA	NA	NA	58.116	18.036	6.012	12.024	8.016	14.028	4.008	NA	73800	11500	505000	157000	37900	700000	0.19	6.85	18.49	3.852	1970.724	NA	0.020932085	0.012064044	0.018656911	0.02039989	1.776482397	1.117903	0.397064	0.10228	0.044705	27.994423	0.992747	24.217095	26.789938	NA	NA	NA	NA	NA	NA	NA	NA	May	P04
291	MP3	2014.05.25T07.06.00	24.05.14	79.771	6.27	1032	500	meso	506.27	35.09	2.7	2.67	5.73	7.5	0.05	0.06	27.99	NA	0.037	NA	0.014	NA	NA	NA	72.8	873.6	15	3.9	54.2	18.8	0.16	NA	10.97	11.13	0.83	4.28	35.36	0.54	2.95	5.19	0.26	0.37	7.96	69.85	838.24	3.5	48.99	0.23	19.96	NA	NA	NA	NA	242.485	66.132	NA	66.132	22.044	26.052	0	NA	137000	21900	716000	224000	119000	1060000	0.19	5.21	41.603	6.163	3500	NA	0.018455386	0.010083861	0.017141286	0.014722266	1.762716366	1.175569	0.360307	0.095462	0.044796	25.832889	0.995505	29.139127	31.917584	NA	NA	NA	NA	NA	NA	NA	NA	May	P04
292	MP3	2014.05.25T07.06.00	24.05.14	79.771	6.27	1032	200	meso	202.82	35.13	3.31	3.29	5.72	7.38	0.23	0.09	27.96	NA	0.511	NA	0.242	NA	NA	NA	75.1	901.2	16.7	6.1	84.8	12.4	0.02	NA	10.62	10.64	0.76	3.85	58.64	8.21	4.89	6.74	1.11	0.48	10.14	70.21	842.56	5.58	78.1	0.33	12.59	0.09	0.11	0.91	1	392.786	484.97	240.481	244.489	50.1	70.14	6.012	NA	215000	26200	807000	305000	70100	1180000	0.14	3.76	80.123	14.638	3520.801	NA	NA	NA	NA	NA	NA	NA	NA	NA	NA	NA	NA	NA	NA	NA	NA	NA	NA	NA	NA	NA	NA	May	P04
293	MP3	2014.05.25T10.48.00	24.05.14	79.78	6.171	1048	100	epi	101.59	35.13	3.49	3.49	5.7	7.35	0.44	0.09	27.94	NA	0.469	NA	0.296	NA	NA	NA	61	732	16	3.9	55.2	15.5	NA	NA	12.06	12.06	0.7	2.65	59.92	5.2	4.99	6.59	1.54	0.47	10.61	56.01	672.08	3.47	48.57	0.22	16.14	0.02	0.03	0.39	0.41	274.549	595.19	252.505	342.685	70.14	64.128	2.004	NA	273000	34600	825000	361000	172000	1360000	0.15	3.03	122.496	16.949	4511.556	NA	0.016706735	0.008889468	0.016266494	0.017193212	1.792119963	1.212417	0.45473	0.090856	0.042493	NA	0.985922	21.737933	29.777287	NA	NA	NA	NA	NA	NA	NA	NA	May	P04
294	MP3	2014.05.25T10.48.00	24.05.14	79.78	6.171	1048	75	epi	76.04	35.13	3.5	3.5	5.69	7.35	0.8	0.1	27.94	NA	0.536	NA	0.424	NA	NA	NA	56.8	681.6	14.9	2.8	38.5	20.7	0.17	NA	11.98	12.15	0.76	NA	49.66	3.73	4.14	6.74	1.23	0.48	8.59	52.66	631.94	2.27	31.76	0.15	23.21	0.07	0.09	0.79	0.86	358.717	705.411	332.665	372.746	100.2	108.216	4.008	NA	288000	37200	820000	333000	150000	1300000	0.15	2.85	103.236	13.867	5013.867	NA	0.015263121	0.008124994	0.015429923	0.014324128	1.648101359	1.218332	0.525129	0.085256	0.036893	NA	0.980346	16.535967	36.7185	NA	NA	NA	NA	NA	NA	NA	NA	May	P04
295	MP3	2014.05.25T10.48.00	24.05.14	79.78	6.171	1048	50	epi	50.93	35.12	3.51	3.5	5.68	7.35	0.84	0.1	27.93	NA	1.032	NA	0.643	NA	NA	NA	50.7	608.4	15.9	3.4	47.2	15	0.02	NA	12.51	12.53	0.76	2.27	72.84	7.18	6.07	8.65	1.44	0.62	9.82	44.63	535.56	2.75	38.53	0.17	16.22	0.16	0.06	1.27	1.42	531.062	1196.393	384.77	811.623	72.144	230.461	8.016	NA	352000	52000	983000	72300	170000	1230000	0.17	2.8	128.659	18.49	6043.143	NA	0.016019545	0.008459242	0.015271231	0.013334732	1.795101971	1.172092	0.35683	0.087379	0.041319	29.14189	0.992217	27.687283	40.075653	NA	NA	NA	NA	NA	NA	NA	NA	May	P04
296	MP3	2014.05.25T10.48.00	24.05.14	79.78	6.171	1048	40	epi	40.05	35.11	3.48	3.47	5.66	7.35	1.97	0.14	27.93	NA	2.306	NA	1.722	NA	NA	NA	110.6	1327.2	12.4	0.6	8.1	190.7	0.13	NA	11.69	11.82	0.7	NA	119.79	5.19	9.98	16.43	2.52	1.17	8.51	100.62	1207.41	-0.59	NA	-0.05	-169.55	0.21	0.07	1.49	1.7	1020.04	1915.832	561.122	1354.71	94.188	426.854	8.016	NA	481000	82900	1220000	113000	184000	1520000	0.21	2.54	181.047	65.485	9329.738	NA	NA	NA	NA	NA	NA	NA	NA	NA	NA	NA	NA	NA	NA	NA	NA	NA	NA	NA	NA	NA	NA	May	P04
297	MP3	2014.05.25T10.48.00	24.05.14	79.78	6.171	1048	30	epi	30.84	35.05	3.15	3.14	5.69	7.42	2.64	0.17	27.91	NA	3.898	NA	2.567	NA	NA	NA	70.9	850.8	12.7	1.1	15.5	63.9	0.45	NA	11.14	11.59	0.69	NA	194.74	6.23	16.23	28	1.44	2	8.11	54.67	656.06	-0.89	NA	-0.07	-61.43	0.24	0.09	1.63	1.87	2074.148	2961.924	418.838	2543.086	192.385	1659.319	8.016	NA	808000	177000	1820000	124000	209000	2150000	0.28	2.25	403.698	338.213	18237.288	NA	NA	NA	NA	NA	NA	NA	NA	NA	NA	NA	NA	NA	NA	NA	NA	NA	NA	NA	NA	NA	NA	May	P04
298	MP3	2014.05.25T10.48.00	24.05.14	79.78	6.171	1048	20	epi	20.22	34.58	1.05	1.05	6.58	7.85	11.58	0.45	27.7	NA	8.977	NA	6.487	NA	NA	NA	81	972	12.2	5.5	77.6	14.6	0.29	NA	6.37	6.66	0.4	NA	429.93	4.52	35.83	68.87	1.17	4.92	7.28	45.17	542.07	0.62	8.69	0.05	72.78	1.3	0.32	4.29	5.58	4643.287	8140.281	691.383	7448.898	358.717	7270.541	34.068	NA	1510000	471000	4690000	134000	437000	5260000	0.45	3.11	992.296	1710.324	44864.407	NA	0.016371931	0.00875173	0.015504645	0.016174997	1.711249424	1.175027	0.355159	0.090314	0.039648	28.383041	0.9941	29.781695	28.461528	NA	NA	NA	NA	NA	NA	NA	NA	May	P04
299	MP3	2014.05.25T10.48.00	24.05.14	79.78	6.171	1048	10	epi	9.92	33.83	-0.97	-0.97	8.21	8.32	8.8	0.56	27.2	NA	6.075	NA	4.3	NA	NA	NA	112.9	1354.8	6.9	6.7	93.2	17	0.24	NA	0	0.24	0.03	NA	594.13	23.01	49.51	75.75	1.35	5.41	9.15	63.39	760.67	1.25	17.49	0.18	50.73	1.72	0.52	5.05	6.76	5306.613	6733.467	376.754	6356.713	320.641	6154.309	38.076	NA	1870000	846000	4750000	133000	627000	5510000	0.83	2.54	645.061	896.605	77989.198	NA	0.016907752	0.008985326	0.014426644	0.018700863	1.689816571	1.203656	0.349243	0.100519	0.056762	25.242137	0.994486	32.022877	27.701539	NA	NA	NA	NA	NA	NA	NA	NA	May	P04
300	MP3	2014.05.25T10.48.00	24.05.14	79.78	6.171	1048	5	epi	5.45	33.72	-0.98	-0.98	8.02	8.33	3.54	0.44	27.11	NA	5.004	NA	3.586	NA	NA	NA	63.6	763.2	5.8	5.8	80.5	11.1	0.05	NA	0	0.05	0.01	NA	539.19	93.04	44.93	66.35	2.49	4.74	9.48	18.67	224.01	1.01	14.15	0.17	18.47	2.6	0.99	6.42	9.03	5486.974	5116.232	282.565	4833.667	208.417	4669.339	10.02	NA	1720000	782000	4890000	176000	426000	5490000	0.83	2.83	391.975	575.617	69836.42	NA	0.015559272	0.008224638	0.011477887	0.010727386	1.756944435	1.237027	0.371099	0.113163	0.071709	25.018673	0.994293	30.840926	19.446485	NA	NA	NA	NA	NA	NA	NA	NA	May	P04
301	MP3	2014.05.25T10.48.00	24.05.14	79.78	6.171	1048	1	epi	2.68	33.74	-0.97	-0.97	8.04	8.33	2.17	0.52	27.13	NA	5.545	NA	2.976	NA	NA	NA	73.7	884.4	5.7	5.4	75.6	13.6	0.3	NA	0	0.3	0.02	NA	533.09	47.47	44.42	61.73	4.8	4.41	10.08	29.28	351.31	0.99	13.87	0.17	29.54	2.99	0.1	6.97	9.96	5302.605	3148.297	290.581	2857.716	174.349	2434.87	44.088	NA	1750000	877000	5350000	232000	619000	6200000	1.01	3.06	362.375	359.291	77610.64	NA	NA	NA	NA	NA	NA	NA	NA	NA	NA	NA	NA	NA	NA	NA	NA	NA	NA	NA	NA	NA	NA	May	P04
460	MP4	2014.08.09T06.24.00	08.08.14	79.9695	10.725	338	340	meso	348.192	35.1176	3.7	3.5091	5.6275	7.34219	0.064289	NA	27.9277	NA	0.03	NA	0.006	NA	NA	NA	64.8	777.6	14.3	5	69.3	13.1	0.61	NA	9.35	9.35	0.69	4.38	53.61	10.49	4.47	8.14	3.25	0.58	7.68	60.33	723.99	4.37	61.16	0.31	13.81	NA	NA	NA	NA	146.586	32.129	6.024	26	32.129	NA	10.04	30	245000	45300	3920000	1290000	144000	5360000	0.23	16	120.337	18.051	3932.611	NA	NA	NA	NA	NA	NA	NA	NA	NA	NA	NA	NA	NA	NA	10.01	5.02	20.02	14.04	29.08	21.1	5.11	2.12	Aug	P05
461	MP4	2014.08.09T06.24.00	08.08.14	79.9695	10.725	338	200	meso	202.298	35.1228	4.2	4.0098	5.51472	7.25347	0.1839	0.304	27.8814	NA	0.17	NA	0.013	NA	NA	NA	75.3	903.6	14.1	4	56.1	18.8	1.26	NA	10.09	10.09	0.72	4.75	57.33	4.55	4.78	9.29	1.24	0.66	7.2	70.52	846.27	3.35	46.85	0.24	21.07	0.08	0.05	0.87	0.95	724.9	220.884	10.04	211	98.394	NA	2.008	76	482000	122000	4660000	1680000	219000	6570000	0.34	9.68	152.006	30.093	7985.34	NA	NA	NA	NA	NA	NA	NA	NA	NA	NA	NA	NA	NA	NA	NA	NA	NA	NA	NA	NA	NA	NA	Aug	P05
462	MP4	2014.08.09T06.24.00	09.08.14	79.9695	10.725	338	100	epi	101.397	35.1256	4.4437	4.4363	5.4979	7.17927	0.15101	NA	27.8383	NA	0.184	NA	0.023	NA	NA	NA	52.6	631.2	18.7	7.8	109.6	6.7	0.98	NA	9.89	10.87	0.84	4.16	95.65	4.66	7.97	11.8	1.42	0.84	9.46	44.63	535.55	6.99	97.82	0.37	6.39	0.18	0.03	1.34	1.52	895.582	311.245	18.072	293	202.811	NA	12.048	56	548000	138000	4930000	2030000	312000	7270000	0.34	8.99	205.089	53.2	7646.877	NA	NA	NA	NA	NA	NA	NA	NA	NA	NA	NA	NA	NA	NA	NA	NA	NA	NA	NA	NA	NA	NA	Aug	P05
463	MP4	2014.08.09T06.24.00	09.08.14	79.9695	10.725	338	75	epi	75.246	35.1577	5.1577	4.9646	5.49041	7.08668	0.11961	NA	27.8039	NA	0.129	NA	0.023	NA	NA	NA	79.1	949.2	13.9	3.7	51.7	21.4	0.1	NA	10.21	10.21	0.84	4.32	76.18	17.72	6.35	9.37	2.71	0.67	9.48	72.75	873.02	3.02	42.29	0.22	24.09	0.03	0.02	0.46	0.49	340.04	167.002	14.085	153	124.748	NA	4.024	94	454000	71700	4270000	1590000	224000	6080000	0.19	9.4	136.574	15.432	5090.278	NA	NA	NA	NA	NA	NA	NA	NA	NA	NA	NA	NA	NA	NA	NA	NA	NA	NA	NA	NA	NA	NA	Aug	P05
464	MP4	2014.08.09T08.49.00	09.08.14	79.9713	10.752	337	50	epi	50.776	35.1096	5.3341	5.33	5.48172	7.02723	0.30575	0.154	27.7225	NA	0.275	NA	0.066	NA	NA	NA	61.7	740.4	19.2	9.6	134.1	6.4	0.06	NA	9.56	9.62	0.74	4.02	72.79	4.58	6.07	12.77	1.42	0.91	6.65	55.63	667.61	8.67	121.35	0.45	6.42	0.2	0.01	1.43	1.62	1134.538	487.952	26.104	462	566.265	NA	16.064	38	596000	128000	4930000	2580000	406000	7910000	0.27	8.27	210.648	41.667	6534.722	NA	NA	NA	NA	NA	NA	NA	NA	NA	NA	NA	NA	NA	NA	NA	NA	NA	NA	NA	NA	NA	NA	Aug	P05
465	MP4	2014.08.09T08.49.00	09.08.14	79.9713	10.752	337	40	epi	40.394	35.1533	5.1533	5.5226	5.4569	6.99307	0.19137	NA	27.7337	NA	0.199	NA	0.074	NA	NA	NA	54.9	658.8	11.3	1.1	15	51.3	0	NA	10.23	10.23	0.73	4.5	53.21	4.05	4.43	7.87	1.05	0.56	7.89	50.47	605.59	0.51	7.11	0.04	99.31	0.14	0.08	1.18	1.32	486.922	213.28	20.121	193	376.258	NA	18.109	24	593000	94300	4130000	1930000	299000	6360000	0.19	6.97	218.196	34.695	6403.238	NA	NA	NA	NA	NA	NA	NA	NA	NA	NA	NA	NA	NA	NA	NA	NA	NA	NA	NA	NA	NA	NA	Aug	P05
466	MP4	2014.08.09T08.49.00	09.08.14	79.9713	10.752	337	30	epi	30.219	35.0297	5.6055	5.603	5.65451	6.98547	0.78194	0.183	27.626	NA	0.877	NA	0.205	NA	NA	NA	104.7	1256.4	15.4	4.9	68.9	21.3	1.42	NA	9.06	10.48	0.67	2.96	153.68	35.48	12.81	31.67	7.17	2.26	5.66	91.89	1102.72	2.66	37.21	0.17	34.57	0.97	0.17	3.63	4.61	3688.755	1622.49	160.643	1462	2028.112	NA	108.434	50	803000	185000	7450000	3750000	711000	11900000	0.3	9.27	412.49	92.521	12232.074	NA	NA	NA	NA	NA	NA	NA	NA	NA	NA	NA	NA	NA	NA	NA	NA	NA	NA	NA	NA	NA	NA	Aug	P05
467	MP4	2014.08.09T08.49.00	09.08.14	79.9713	10.752	337	20	epi	20.15	34.9527	5.785	5.7834	5.8583	6.95919	2.1328	NA	27.5426	NA	2.435	NA	0.242	NA	NA	NA	66.3	795.6	13.7	5.6	78.1	11.9	0.8	NA	7.32	8.12	0.55	2.12	210.12	17.47	17.51	44.71	5.48	3.19	5.48	48.79	585.48	2.39	33.41	0.17	20.44	1.32	0.12	4.34	5.66	9987.952	4232.932	335.341	3898	2002.008	NA	656.627	48	855000	240000	8240000	4230000	923000	13400000	0.39	9.64	685.428	199.692	20329.992	NA	NA	NA	NA	NA	NA	NA	NA	NA	NA	NA	NA	NA	NA	NA	NA	NA	NA	NA	NA	NA	NA	Aug	P05
468	MP4	2014.08.09T08.49.00	09.08.14	79.9713	10.752	337	10	epi	10.102	34.8484	6.01	6.0091	6.00452	6.92689	1.5093	0.285	27.4316	NA	3.015	NA	0.634	NA	NA	NA	71.4	856.8	12.6	6	83.7	11.9	0.14	NA	6.48	6.62	0.49	1.99	336.06	6.1	28.01	64.81	1.7	4.63	6.05	43.39	520.74	1.35	18.91	0.11	32.12	2.17	0.15	5.78	7.95	16483.936	3869.478	524.096	3345	6985.944	NA	564.257	34	1320000	332000	9540000	5150000	1060000	15800000	0.33	7.21	760.987	263.685	27870.47	NA	NA	NA	NA	NA	NA	NA	NA	NA	NA	NA	NA	NA	NA	NA	NA	NA	NA	NA	NA	NA	NA	Aug	P05
469	MP4	2014.08.09T08.49.00	09.08.14	79.9713	10.752	337	5	epi	4.914	34.8733	5.9667	5.9663	6.00172	6.93286	1.6005	0.337	27.4569	NA	3.144	NA	0.575	NA	NA	NA	84.5	1014	14.1	8.5	119.3	9.9	0.1	NA	5.48	5.58	0.44	1.79	328.1	6.57	27.34	64.88	2.05	4.63	5.9	57.16	685.9	3.89	54.4	0.28	14.71	2.13	0.35	5.72	7.84	15393.574	4090.361	413.655	3677	7315.261	NA	684.739	32	1290000	323000	8890000	4640000	967000	14500000	0.33	6.87	785.494	261.574	23558.642	NA	NA	NA	NA	NA	NA	NA	NA	NA	NA	NA	NA	NA	NA	NA	NA	NA	NA	NA	NA	NA	NA	Aug	P05
470	MP4	2014.08.09T08.49.00	09.08.14	79.9713	10.752	337	1	epi	2.74	34.863	6.0268	6.0266	6.00667	6.92347	1.2395	0.364	27.441	NA	3.308	NA	0.667	NA	NA	NA	102.1	1225.2	12.6	7.8	108.8	13.1	0.15	NA	4.68	4.83	0.39	1.88	315.67	14.24	26.31	63.28	2.79	4.52	5.82	75.79	909.53	3.25	45.5	0.26	23.32	1.89	0.13	5.33	7.22	17247.485	4668.008	478.873	4189	7281.69	NA	758.551	48	NA	NA	NA	NA	NA	NA	NA	NA	1017.747	364.969	31645.833	NA	NA	NA	NA	NA	NA	NA	NA	NA	NA	NA	NA	NA	NA	NA	NA	NA	NA	NA	NA	NA	NA	Aug	P05
471	MP4	2014.08.12T04.51.00	12.08.14	80.8595	15.0022	1170	1000	meso	1012.93	34.9315	-0.4575	-0.4991	5.53454	8.14758	0.037378	0.061	28.0742	NA	0.334	NA	0.096	NA	NA	NA	58.2	698.4	21.2	12.7	177.1	4.6	0	NA	8.55	8.55	0.78	5.7	43.82	0.99	3.65	7.35	2.07	0.53	6.95	54.55	654.58	12.12	169.75	0.57	4.5	NA	NA	NA	NA	1329.317	588.353	74.297	514	148.594	NA	28.112	28	85300	22100	1460000	1080000	220000	2750000	0.35	17.09	13.878	3.084	1290.671	NA	NA	NA	NA	NA	NA	NA	NA	NA	NA	NA	NA	NA	NA	16.01	8.02	23.02	10.04	1.09	18.1	2.11	26.11	Aug	P06
472	MP4	2014.08.12T04.51.00	12.08.14	80.8595	15.0022	1170	750	meso	760.109	34.9392	0.1098	0.0767	5.57282	8.02498	0.03663	0.052	28.0513	NA	0.331	NA	0.093	NA	NA	NA	61.3	735.6	19.6	7.5	105.4	8.1	0.15	NA	12.07	12.07	0.97	7.16	37.97	3.68	3.16	5.54	1.18	0.4	7.99	58.14	697.63	7.13	99.88	0.36	8.15	NA	NA	NA	NA	991.968	439.759	38.153	402	66.265	NA	40.161	22	105000	31800	1280000	1200000	280000	2760000	0.43	12.18	8.488	1.543	1652.778	NA	NA	NA	NA	NA	NA	NA	NA	NA	NA	NA	NA	NA	NA	NA	NA	NA	NA	NA	NA	NA	NA	Aug	P06
473	MP4	2014.08.12T04.51.00	12.08.14	80.8595	15.0022	1170	500	meso	506.287	35.0381	2.1642	2.1347	5.65085	7.60303	0.037378	0.061	27.9889	NA	0.347	NA	0.103	NA	NA	NA	62.1	745.2	20.1	8.8	122.5	7.1	0.44	NA	11.35	11.35	0.87	5.03	49.33	4.79	4.11	7.26	0.81	0.52	7.93	57.99	695.87	8.23	115.24	0.41	7.04	NA	NA	NA	NA	1208.835	371.486	46.185	325	114.458	NA	34.137	6	155000	49200	1210000	1640000	338000	3200000	0.47	7.84	29.298	3.855	2111.796	NA	NA	NA	NA	NA	NA	NA	NA	NA	NA	NA	NA	NA	NA	NA	NA	NA	NA	NA	NA	NA	NA	Aug	P06
474	MP4	2014.08.12T04.51.00	12.08.14	80.8595	15.0022	1170	200	meso	202.462	35.0035	2.5356	2.5237	5.67528	7.53349	0.041115	0.06	27.9298	NA	0.557	NA	0.178	NA	NA	NA	66.1	793.2	13.8	3.4	47.5	19.5	0.62	NA	10.41	10.41	0.78	4.39	37.84	2.11	3.15	5.99	1.74	0.43	7.37	62.95	755.36	2.96	41.47	0.21	21.25	0.13	0.14	1.13	1.26	1339.357	355.422	34.137	321	162.651	NA	60.241	22	212000	83000	1370000	2090000	476000	3930000	0.64	6.47	44.719	6.168	3002.313	NA	NA	NA	NA	NA	NA	NA	NA	NA	NA	NA	NA	NA	NA	NA	NA	NA	NA	NA	NA	NA	NA	Aug	P06
475	MP4	2014.08.12T04.51.00	12.08.14	80.8595	15.0022	1170	100	epi	100.853	35.1352	4.4898	4.4824	5.54066	7.17076	0.18465	0.094	27.8408	NA	2.058	NA	0.922	NA	NA	NA	57.7	692.4	19.4	NA	NA	NA	0.23	NA	NA	NA	NA	NA	69.51	3.73	5.79	13	2.79	0.93	6.24	51.91	622.89	NA	NA	0	NA	0.16	0.07	1.25	1.41	62.374	10.06	0	10	36.217	NA	38.229	34	674000	189000	1700000	3080000	807000	5590000	0.39	2.52	152.778	27.778	7763.117	NA	NA	NA	NA	NA	NA	NA	NA	NA	NA	NA	NA	NA	NA	NA	NA	NA	NA	NA	NA	NA	NA	Aug	P06
476	MP4	2014.08.12T04.51.00	12.08.14	80.8595	15.0022	1170	75	epi	75.874	34.7795	1.7983	1.7944	5.95373	7.6878	0.37303	0.103	27.8108	NA	1.974	NA	1.071	NA	NA	NA	57.2	686.4	17.2	NA	NA	NA	0.55	NA	NA	NA	NA	NA	88.51	3.32	7.38	15.1	3.35	1.08	6.84	49.82	597.89	NA	NA	0	NA	0.18	0.18	1.37	1.55	56.225	0	0	0	2.008	NA	10.04	22	779000	248000	2180000	3710000	883000	6780000	0.47	2.8	162.683	20.817	7175.019	NA	NA	NA	NA	NA	NA	NA	NA	NA	NA	NA	NA	NA	NA	NA	NA	NA	NA	NA	NA	NA	NA	Aug	P06
477	MP4	2014.08.12T04.51.00	12.08.14	80.8595	15.0022	1170	50	epi	51.039	34.4315	-0.922	-0.9234	6.22825	8.27846	0.38275	0.117	27.6896	NA	0.308	NA	0.135	NA	NA	NA	67.1	805.2	14.5	6.5	91	10.3	0.42	NA	7.58	8	0.64	3.21	80.51	2.17	6.71	13.56	2.45	0.97	6.93	60.39	724.69	5.53	77.44	0.38	10.92	0.25	0.08	1.67	1.92	170.683	14.056	4.016	10	24.096	NA	10.04	30	626000	205000	1980000	3310000	682000	5980000	0.49	3.17	106.399	30.84	5542.02	NA	NA	NA	NA	NA	NA	NA	NA	NA	NA	NA	NA	NA	NA	NA	NA	NA	NA	NA	NA	NA	NA	Aug	P06
478	MP4	2014.08.12T04.51.00	12.08.14	80.8595	15.0022	1170	40	epi	40.66	34.3806	-1.3413	-1.3422	6.26834	8.37624	0.38798	0.084	27.6636	NA	0.324	NA	0.148	NA	NA	NA	NA	NA	NA	NA	NA	NA	0.74	NA	3.94	4.68	0.41	1.73	81.77	2.9	6.81	13.28	2.73	0.95	7.18	NA	NA	NA	NA	NA	NA	0.3	0.04	1.85	2.15	178.715	10.04	4.016	6	34.137	NA	24.096	28	656000	216000	1650000	2950000	649000	5250000	0.49	2.51	105.628	31.611	4629.915	NA	NA	NA	NA	NA	NA	NA	NA	NA	NA	NA	NA	NA	NA	NA	NA	NA	NA	NA	NA	NA	NA	Aug	P06
479	MP4	2014.08.12T04.51.00	12.08.14	80.8595	15.0022	1170	30	epi	30.888	34.1796	-1.4619	-1.4626	6.37681	8.41554	0.70868	0.142	27.5043	NA	0.375	NA	0.111	NA	NA	NA	NA	NA	NA	NA	NA	NA	0.44	NA	NA	0.44	NA	NA	206.99	8.07	17.25	39.98	4.89	2.86	6.04	NA	NA	NA	NA	NA	NA	1.28	0.02	4.27	5.55	522.088	240.964	40.161	201	136.546	NA	40.161	48	1430000	490000	5050000	6570000	1570000	13200000	0.52	3.53	456.438	136.469	22624.518	NA	NA	NA	NA	NA	NA	NA	NA	NA	NA	NA	NA	NA	NA	NA	NA	NA	NA	NA	NA	NA	NA	Aug	P06
480	MP4	2014.08.12T04.51.00	12.08.14	80.8595	15.0022	1170	25	epi	24.915	34.192	3.0055	3.004	6.90505	7.48544	2.5626	0.271	27.2396	NA	0.198	NA	0.049	NA	NA	NA	98.8	1185.6	10.9	NA	NA	9.1	0.1	NA	NA	0.1	NA	NA	250.2	6.23	20.85	44.39	1.09	3.17	6.58	77.95	935.4	NA	NA	0	NA	2.26	0.03	5.93	8.19	1209.256	1529.175	402.414	1127	494.97	NA	34.205	40	1600000	551000	4510000	6960000	1850000	13300000	0.53	2.83	727.833	242.868	34140.324	NA	NA	NA	NA	NA	NA	NA	NA	NA	NA	NA	NA	NA	NA	NA	NA	NA	NA	NA	NA	NA	NA	Aug	P06
481	MP4	2014.08.12T00.47.00	12.08.14	80.8567	15.0157	1273	20	epi	20.011	32.9558	-1.1206	-1.1211	7.90499	8.40818	0.64962	0.15	26.5006	NA	0.021	NA	0.006	NA	NA	NA	64.9	778.8	11.3	NA	NA	5.8	0.09	NA	NA	0.09	0.06	0.63	184.24	21	15.35	34	2.61	2.43	6.32	49.55	594.56	NA	NA	0	NA	1.87	0.14	5.3	7.16	993.976	493.976	60.241	434	106.426	NA	18.072	26	672000	249000	2920000	5340000	1280000	9540000	0.59	4.35	434.079	141.095	18132.614	NA	NA	NA	NA	NA	NA	NA	NA	NA	NA	NA	NA	NA	NA	NA	NA	NA	NA	NA	NA	NA	NA	Aug	P06
482	MP4	2014.08.12T00.47.00	12.08.14	80.8567	15.0157	1273	10	epi	10.663	32.6473	-1.3334	-1.3336	7.7787	8.47515	0.23174	0.15	26.2567	NA	0.011	NA	0.003	NA	NA	NA	57.5	690	11.7	11.6	162	5	0.09	NA	0.04	0.13	0.06	0.69	159.22	10.04	13.27	30.79	3.06	2.2	6.03	44.23	530.78	9.37	131.19	0.8	4.72	1.43	0.03	4.54	5.97	965.795	378.27	28.169	350	24.145	NA	24.145	20	511000	197000	8260000	6480000	1370000	16100000	0.63	16.16	439.815	172.068	18880.401	NA	NA	NA	NA	NA	NA	NA	NA	NA	NA	NA	NA	NA	NA	NA	NA	NA	NA	NA	NA	NA	NA	Aug	P06
483	MP4	2014.08.12T00.47.00	12.08.14	80.8567	15.0157	1273	5	epi	5.13	31.8623	-1.0117	-1.0118	6.83621	8.44662	0.13979	0.133	25.611	NA	0.004	NA	NA	NA	NA	NA	NA	NA	NA	NA	NA	NA	0.08	NA	0.73	0.81	0.06	0.62	156.68	2.61	13.06	29.16	1.94	2.08	6.27	NA	NA	NA	NA	NA	NA	1.38	0.06	4.46	5.84	4556.225	915.663	132.53	783	1014.056	NA	78.313	66	484000	194000	3530000	5350000	1150000	10000000	0.67	7.29	278.549	84.877	18070.216	NA	NA	NA	NA	NA	NA	NA	NA	NA	NA	NA	NA	NA	NA	NA	NA	NA	NA	NA	NA	NA	NA	Aug	P06
484	MP4	2014.08.12T00.47.00	12.08.14	80.8567	15.0157	1273	1	epi	4.964	31.8647	-1.0021	-1.0022	6.98368	8.44428	0.14652	0.128	25.6127	NA	0.004	NA	0.002	NA	NA	NA	63.6	763.2	10.4	9.8	136.6	6.5	1.19	NA	0.64	0.64	0.06	0.68	159.8	5.49	13.32	27.46	2.72	1.96	6.79	50.28	603.4	7.8	109.18	0.75	6.45	1.18	0.04	4.07	5.25	5383.534	2419.679	582.329	1837	1148.594	NA	98.394	124	448000	187000	3150000	5100000	1100000	9350000	0.71	7.03	321.429	102.381	16904.762	NA	NA	NA	NA	NA	NA	NA	NA	NA	NA	NA	NA	NA	NA	NA	NA	NA	NA	NA	NA	NA	NA	Aug	P06
485	MP4	2014.08.14T01.04.00	14.08.14	80.7058	15.2657	1220	1000	meso	1013.903	34.9385	-0.2388	-0.2822	5.5263	8.09971	0.038125	0.083	28.0691	NA	0.469	NA	0.129	NA	NA	NA	52.3	627.6	19.5	6.4	89.3	8.2	0.16	NA	13.12	13.12	1	8.37	39.58	2.64	3.3	5.48	2	0.39	8.43	49	588.02	5.99	83.84	0.31	8.18	NA	NA	NA	NA	28.543	0	0	0	14.085	NA	51.577	30	120000	42100	1110000	1300000	269000	2670000	0.54	9.25	20.801	3.852	1508.475	NA	NA	NA	NA	NA	NA	NA	NA	NA	NA	NA	NA	NA	NA	16.01	8.02	23.02	10.04	1.09	18.1	2.11	26.11	Aug	P07
486	MP4	2014.08.14T01.04.00	14.08.14	80.7058	15.2657	1220	750	meso	759.461	34.9932	0.9593	0.9209	5.59821	7.84499	0.037378	0.088	28.0428	NA	0.615	NA	0.211	NA	NA	NA	68.3	819.6	19.7	7.1	99	9.7	0.48	NA	12.63	12.63	0.91	6.47	38.93	0.3	3.24	6.4	1.54	0.46	7.1	65.06	780.67	6.61	92.58	0.34	9.84	NA	NA	NA	NA	192.771	12.048	2.008	10	14.056	NA	6.024	44	140000	49700	988000	1670000	326000	2990000	0.55	7.05	21.572	2.311	1835.901	NA	NA	NA	NA	NA	NA	NA	NA	NA	NA	NA	NA	NA	NA	NA	NA	NA	NA	NA	NA	NA	NA	Aug	P07
487	MP4	2014.08.14T01.04.00	14.08.14	80.7058	15.2657	1220	500	meso	506.445	35.1045	3.3976	3.3631	5.57194	7.3675	0.075503	0.093	27.9306	NA	1.228	NA	0.485	NA	NA	NA	57.5	690	19.9	9	126	6.4	0	NA	10.9	10.9	0.8	4.3	48.18	2.02	4.01	6.09	1.18	0.44	9.22	53.49	641.82	8.56	119.91	0.43	6.24	NA	NA	NA	NA	181.087	6.036	0	6	32.193	NA	4.024	48	335000	122000	1830000	2740000	554000	5130000	0.57	5.47	73.19	13.867	3510.015	NA	NA	NA	NA	NA	NA	NA	NA	NA	NA	NA	NA	NA	NA	NA	NA	NA	NA	NA	NA	NA	NA	Aug	P07
488	MP4	2014.08.14T01.04.00	14.08.14	80.7058	15.2657	1220	200	meso	202.48	35.123	3.9139	3.8997	5.56204	7.27314	0.14278	0.093	27.8931	NA	1.84	NA	0.741	NA	NA	NA	56.3	675.6	20	9.4	132	6	0.35	NA	10.57	10.57	0.81	3.94	62.3	9.98	5.19	8.93	1.71	0.64	8.14	51.11	613.3	8.79	123.09	0.44	5.81	0.08	0.04	0.84	0.92	255.533	98.592	18.109	80	50.302	NA	6.036	382	306000	95600	1420000	2240000	510000	4170000	0.46	4.65	82.435	14.638	4093.22	NA	NA	NA	NA	NA	NA	NA	NA	NA	NA	NA	NA	NA	NA	NA	NA	NA	NA	NA	NA	NA	NA	Aug	P07
489	MP4	2014.08.14T04.40.00	14.08.14	80.6932	15.2822	579	100	epi	100.771	35.1387	4.4399	4.4325	5.52308	7.17932	0.22128	0.09	27.8491	NA	1.751	NA	0.763	NA	NA	NA	66.4	796.8	19.1	8.9	125	7.4	0.13	NA	10.17	10.17	0.75	4.03	63.65	4.42	5.3	7.77	2.7	0.55	9.56	61.1	733.15	8.38	117.25	0.44	7.29	0.06	0.01	0.71	0.76	275.654	94.567	30.181	64	168.675	NA	10.06	32	361000	104000	1400000	1990000	483000	3870000	0.41	3.87	58.552	9.245	4138.675	NA	NA	NA	NA	NA	NA	NA	NA	NA	NA	NA	NA	NA	NA	NA	NA	NA	NA	NA	NA	NA	NA	Aug	P07
490	MP4	2014.08.14T04.40.00	14.08.14	80.6932	15.2822	579	75	epi	75.476	35.1422	4.7837	4.778	5.52092	7.11946	0.2736	0.088	27.8131	NA	1.652	NA	0.724	NA	NA	NA	NA	NA	NA	NA	NA	NA	0.07	NA	6.47	6.54	0.58	2.54	114.73	82.34	9.56	22.82	20.46	1.63	5.86	NA	NA	NA	0	NA	NA	0.12	0.05	1.07	1.19	1355.422	656.627	34.137	622	1337.349	NA	10.04	68	545000	133000	2780000	1890000	385000	5060000	0.32	5.1	123.267	23.112	8807.396	NA	NA	NA	NA	NA	NA	NA	NA	NA	NA	NA	NA	NA	NA	NA	NA	NA	NA	NA	NA	NA	NA	Aug	P07
491	MP4	2014.08.14T04.40.00	14.08.14	80.6932	15.2822	579	50	epi	50.673	35.11	5.0197	5.0158	5.56588	7.08049	0.57561	0.115	27.7602	NA	1.207	NA	0.465	NA	NA	NA	65.5	786	19.5	10.3	144.5	6.3	0.07	NA	9.11	9.18	0.7	3.62	101.69	22.54	8.47	18.27	2.59	1.3	6.5	57.03	684.31	9.02	126.21	0.46	6.33	0.35	0.02	2	2.35	3078.471	865.191	46.278	819	5285.141	NA	14.085	18	689000	194000	1550000	2560000	747000	4860000	0.39	2.25	201.079	36.98	21023.883	NA	NA	NA	NA	NA	NA	NA	NA	NA	NA	NA	NA	NA	NA	NA	NA	NA	NA	NA	NA	NA	NA	Aug	P07
492	MP4	2014.08.14T04.40.00	14.08.14	80.6932	15.2822	579	40	epi	40.609	35.0532	5.261	5.2577	5.73941	7.04218	1.3142	0.172	27.6866	NA	0.498	NA	0.171	NA	NA	NA	NA	NA	NA	NA	NA	NA	0.1	NA	7.57	7.67	0.6	2.7	151.72	23.65	12.64	28.76	7.76	2.05	6.15	NA	NA	NA	NA	NA	NA	0.98	0.93	3.65	4.63	4746.988	1367.47	222.892	1145	5821.285	NA	14.056	173	1030000	298000	2890000	4090000	1150000	8130000	0.41	2.82	202.619	43.914	22494.607	NA	NA	NA	NA	NA	NA	NA	NA	NA	NA	NA	NA	NA	NA	NA	NA	NA	NA	NA	NA	NA	NA	Aug	P07
493	MP4	2014.08.14T04.40.00	14.08.14	80.6932	15.2822	579	30	epi	31.322	34.8578	5.1158	5.1134	6.09986	7.07587	1.6984	0.217	27.549	NA	0.28	NA	0.074	NA	NA	NA	60.8	729.6	15.1	9.8	137.3	6.2	0.08	NA	5.21	5.29	0.45	1.79	205.71	32.42	17.14	41.21	8.58	2.94	5.82	43.66	523.89	6.87	96.13	0.45	6.36	1.37	0.15	4.44	5.81	5981.891	1364.185	191.147	1173	3481.928	NA	48.29	62	1310000	353000	2570000	4590000	1380000	8540000	0.37	1.96	261.803	71.531	23748.212	NA	NA	NA	NA	NA	NA	NA	NA	NA	NA	NA	NA	NA	NA	NA	NA	NA	NA	NA	NA	NA	NA	Aug	P07
494	MP4	2014.08.14T04.40.00	14.08.14	80.6932	15.2822	579	25	epi	25.629	34.7743	4.9838	4.9818	6.16678	7.10233	2.0625	0.241	27.4982	NA	0.179	NA	0.041	NA	NA	NA	67.8	813.6	15.1	15	210	4.5	0.1	NA	NA	0.1	NA	NA	212.25	31.99	17.69	39.25	5.87	2.8	6.31	50.11	601.35	12.2	170.75	0.81	4.11	1.59	0.11	4.83	6.42	4655.936	678.068	78.471	600	4273.092	NA	40.241	42	1560000	426000	3900000	5550000	1650000	11100000	0.38	2.5	160.229	45.78	11845.494	NA	NA	NA	NA	NA	NA	NA	NA	NA	NA	NA	NA	NA	NA	NA	NA	NA	NA	NA	NA	NA	NA	Aug	P07
495	MP4	2014.08.14T04.40.00	14.08.14	80.6932	15.2822	579	20	epi	20.562	34.752	4.9529	4.9514	6.21123	7.10866	3.9403	0.25	27.4841	NA	0.081	NA	0.013	NA	NA	NA	64.1	769.2	15.3	10.8	150.9	5.9	0.1	NA	4.42	4.52	0.37	1.49	227.17	8.33	18.93	41.64	1.05	2.97	6.36	45.17	542.03	7.81	109.28	0.51	5.79	1.57	0.04	4.79	6.36	4476.861	404.427	28.169	376	1560.241	NA	36.217	38	1460000	414000	2760000	4860000	1460000	9090000	0.4	1.89	98.854	20.057	13674.785	NA	NA	NA	NA	NA	NA	NA	NA	NA	NA	NA	NA	NA	NA	NA	NA	NA	NA	NA	NA	NA	NA	Aug	P07
496	MP4	2014.08.14T04.40.00	14.08.14	80.6932	15.2822	579	10	epi	10.304	32.6189	1.3623	1.3619	6.59133	7.88905	0.58159	0.213	26.1083	NA	0.048	NA	0.006	NA	NA	NA	112	1344	13.7	11.9	166.5	9.4	0.05	NA	1.76	1.81	0.18	1.02	201.91	13.85	16.83	38.43	0.47	2.75	6.13	95.17	1142.09	9.14	128.03	0.67	10.41	1.8	0.05	5.19	6.99	50.302	0	0	0	442.656	NA	0	1155	1370000	418000	2740000	4630000	1420000	8790000	0.44	2.01	50.116	7.71	3518.89	NA	NA	NA	NA	NA	NA	NA	NA	NA	NA	NA	NA	NA	NA	NA	NA	NA	NA	NA	NA	NA	NA	Aug	P07
497	MP4	2014.08.14T04.40.00	14.08.14	80.6932	15.2822	579	5	epi	5.175	31.9988	0.5506	0.5504	6.56806	8.09251	0.43881	0.183	25.6573	NA	0.014	NA	0.003	NA	NA	NA	NA	NA	NA	NA	NA	NA	0.04	NA	0.78	0.82	0.08	0.72	173.87	8.42	14.49	29.85	0.9	2.13	6.8	NA	NA	NA	NA	NA	NA	2.24	0.31	5.89	8.13	160.643	6.024	0	6	3927.565	NA	8.032	70	1050000	349000	3510000	4250000	1100000	8850000	0.5	3.35	122.591	26.985	7040.093	NA	NA	NA	NA	NA	NA	NA	NA	NA	NA	NA	NA	NA	NA	NA	NA	NA	NA	NA	NA	NA	NA	Aug	P07
498	MP4	2014.08.14T04.40.00	14.08.14	80.6932	15.2822	579	1	epi	1.856	31.6877	0.1079	0.10780000000000001	6.50722	8.2055	0.21679	0.181	25.4281	NA	0.01	NA	0.002	NA	NA	NA	79.5	954	12.1	11.9	166.6	6.7	0.02	NA	0.18	0.2	0.07	0.64	165.23	11.42	13.77	26.47	1.53	1.89	7.28	65.73	788.77	10.01	140.13	0.83	6.57	1.87	0.12	5.3	7.16	271.63	50.302	10.06	40	2463.855	NA	2.012	8	953000	337000	3100000	4320000	1180000	8600000	0.55	3.25	309.365	102.007	16617.057	NA	NA	NA	NA	NA	NA	NA	NA	NA	NA	NA	NA	NA	NA	NA	NA	NA	NA	NA	NA	NA	NA	Aug	P07
568	MP5	2014.11.17T14.08.58	07.11.14	79.01217	1.97483	2442	1000	meso	1014	34.93	-1.7	NA	NA	NA	0.04	0.03	28.06	NA	0.01	0.001	NA	NA	NA	NA	72	869.5	14.5	1.6	21.7	27.6	NA	0.016	12.89	12.9061	0.693	8.13	72.9	46.2	6.07	3.6	4.2	0.3	23.4	66.38621103	796.63	1.29	18.07	0.09	51.43	0.02	0	0.38	0.39	1	1	NA	NA	24	NA	1	NA	64000	17600	1320000	341000	47700	1710000	0.38	21	21.543	4.008	1513.026	20.18	NA	NA	NA	NA	NA	NA	NA	NA	NA	NA	NA	NA	NA	2.01	2.02	18.02	15.04	27.08	22.1	8.11	9.12	Nov	N02
569	MP5	2014.11.17T14.08.59	07.11.14	79.01217	1.97483	2442	750	meso	760	34.94	0.5	NA	NA	NA	0.04	0.05	28.03	NA	0.011	0.001	NA	NA	NA	NA	47	558.2	18.6	7.4	104	8.4	NA	0.006	11.16	11.1656	0.828	6.633	49	13.3	4.09	2.8	2.6	0.2	20.3	42.43	509.2	7.22	101.14	0.39	5.87	0.02	0	0.43	0.45	4	1	NA	NA	51	NA	0	NA	62300	22300	1630000	376000	52000	2060000	0.56	26	27.555	4.008	2079.158	18.3425	NA	NA	NA	NA	NA	NA	NA	NA	NA	NA	NA	NA	NA	NA	NA	NA	NA	NA	NA	NA	NA	Nov	N02
570	MP5	2014.11.17T14.08.60	07.11.14	79.01217	1.97483	2442	500	meso	506	35	1.79	NA	NA	NA	0.04	0.06	27.99	NA	0.023	0.001	NA	NA	NA	NA	NA	0	18	5.9	82.4	8.9	NA	0.027	12.13	12.157	0.916	6.507	60.3	19.5	5.03	4.5	2.7	0.3	15.7	-5.03	-60.32	5.56	77.88	0.31	-0.9	0.01	0	0.23	0.24	9	4	NA	NA	28	NA	0	NA	104000	33600	1980000	572000	66500	2620000	0.48	19	47.428	4.676	3652.639	20.8575	NA	NA	NA	NA	NA	NA	NA	NA	NA	NA	NA	NA	NA	NA	NA	NA	NA	NA	NA	NA	NA	Nov	N02
571	MP5	2014.11.17T14.08.61	07.11.14	79.01217	1.97483	2442	200	meso	202.332	35.0916	3.5892	NA	NA	NA	0.0366	0.061	27.9014	NA	0.032	0.005	NA	NA	NA	NA	48	581.1	18.3	7.1	98.9	9.6	NA	0.01	11.19	11.2001	0.839	5.33	NA	NA	NA	NA	NA	NA	NA	NA	NA	NA	NA	NA	NA	0.01	0	0.24	0.24	7	6	NA	NA	44	NA	1	NA	165000	40800	2820000	795000	96500	3710000	0.33	17	81.162	10.02	3608.717	43.391	NA	NA	NA	NA	NA	NA	NA	NA	NA	NA	NA	NA	NA	NA	NA	NA	NA	NA	NA	NA	NA	Nov	N02
572	MP5	2014.11.17T14.08.62	07.11.14	79.01217	1.97483	2442	100	epi	101.115	34.9585	3.4488	NA	NA	NA	0.0733	0.061	27.8092	NA	0.076	0.01	NA	NA	NA	NA	49	588	17.5	6.8	94.8	9.4	NA	0.018	10.76	10.778	0.775	5.301	39.9	3.7	3.32	0	0	NA	NA	NA	NA	NA	NA	NA	NA	0.01	0	0.27	0.28	76	30	NA	NA	293	NA	2	NA	221000	43600	3670000	1140000	153000	4960000	0.25	17	91.046	12.792	2940.557	54.371	NA	NA	NA	NA	NA	NA	NA	NA	NA	NA	NA	NA	NA	NA	NA	NA	NA	NA	NA	NA	NA	Nov	N02
573	MP5	2014.11.17T14.08.63	07.11.14	79.01217	1.97483	2442	50	epi	50.604	34.5206	1.3691	NA	NA	NA	0.0733	0.061	27.6348	NA	0.15	0.008	NA	NA	NA	NA	51	615.9	15	7.4	104.2	9	NA	0.066	7.54	7.6063	0.641	3.746	37.8	9	3.15	1.5	2.6	0.1	28.9	48.17	578.01	7.33	102.64	0.49	6.57	0.02	0	0.35	0.37	234	80	NA	NA	558	NA	4	NA	241000	57100	4230000	1440000	235000	5900000	0.31	18	93.186	11.523	3408.818	51.039	NA	NA	NA	NA	NA	NA	NA	NA	NA	NA	NA	NA	NA	NA	NA	NA	NA	NA	NA	NA	NA	Nov	N02
574	MP5	2014.11.17T14.08.64	07.11.14	79.01217	1.97483	2442	20	epi	20.231	33.6775	-1.3643	NA	NA	NA	0.1099	0.061	27.0936	NA	0.205	0.014	NA	NA	NA	NA	53	634.9	13.8	8.6	120.7	7.9	NA	0.124	5.06	5.1835	0.456	3.337	41.9	5.6	3.49	3.2	2.8	0.2	15.1	49.42	593	8.39	117.42	0.61	5.89	0.02	0	0.37	0.38	312	102	NA	NA	510	NA	7	NA	285000	66800	5370000	1880000	301000	7550000	0.31	19	132.265	20.541	4485.972	74.7295	NA	NA	NA	NA	NA	NA	NA	NA	NA	NA	NA	NA	NA	NA	NA	NA	NA	NA	NA	NA	NA	Nov	N02
575	MP5	2014.11.17T14.08.65	07.11.14	79.01217	1.97483	2442	5	epi	5.378	33.6547	-1.444	NA	NA	NA	0.1465	0.061	27.0776	NA	0.159	0.045	NA	NA	NA	NA	58	699	13.6	9.3	130.1	15.3	NA	0.096	4.25	4.3464	0.373	2.237	45.1	5.2	3.76	5	0.8	0.4	10.4	54.49	653.88	8.93	125.04	0.65	6.1	0.02	0	0.4	0.42	323	90	NA	NA	557	NA	7	NA	299000	66000	3530000	2350000	607000	6490000	0.28	12	121.743	18.036	3762.024	82.235	NA	NA	NA	NA	NA	NA	NA	NA	NA	NA	NA	NA	NA	NA	NA	NA	NA	NA	NA	NA	NA	Nov	N02
576	MP5	2014.11.17T14.08.66	08.11.14	79.022	11.33	327	300	meso	304	35.11	3.63	NA	NA	NA	0.04	0.51	27.91	NA	0.075	0.001	NA	NA	NA	NA	50	598.4	16.9	5.3	73.6	9.5	NA	0.015	11.64	11.6546	0.884	7.726	41.3	5.2	3.45	4	0.8	0.3	11.9	46.43	557.1	4.97	69.56	0.29	9.34	0.03	0	0.49	0.52	25	9	NA	NA	132	NA	3	NA	271000	60000	2030000	923000	174000	3120000	0.28	7	123.363	15.162	5606.478	67.2145	NA	NA	NA	NA	NA	NA	NA	NA	NA	NA	NA	NA	NA	2.01	2.02	18.02	15.04	27.08	22.1	8.11	9.12	Nov	N03
577	MP5	2014.11.17T14.08.67	08.11.14	79.022	11.33	327	200	meso	201	35.04	4.55	NA	NA	NA	0.06	0.21	27.76	NA	0.138	0.033	NA	NA	NA	NA	41	492.6	15.2	5.9	82.1	10.1	NA	0.066	9.3	9.3661	0.692	4.236	43.3	19.2	3.61	6	2.6	0.4	8.4	37.44	449.3	5.44	76.12	0.36	6.89	0.03	0	0.44	0.46	210	51	NA	NA	676	NA	8	NA	266000	54700	4350000	1890000	356000	6590000	0.26	16	172.846	25.551	4151.303	67.8785	NA	NA	NA	NA	NA	NA	NA	NA	NA	NA	NA	NA	NA	NA	NA	NA	NA	NA	NA	NA	NA	Nov	N03
578	MP5	2014.11.17T14.08.68	08.11.14	79.022	11.33	327	100	epi	102	34.71	3.28	NA	NA	NA	0.07	0.16	27.63	NA	0.16	0.004	NA	NA	NA	NA	53	634.9	14.5	7	98.5	8.8	NA	0.288	7.18	7.4682	0.509	3.09	23.5	1.1	1.96	2	1.8	0.1	13.8	50.95	611.41	6.9	96.55	0.48	7.39	0.02	0	0.43	0.45	195	49	NA	NA	436	NA	6	NA	229000	46300	4480000	2950000	611000	8040000	0.25	20	127.163	31.603	3423.627	80.4135	NA	NA	NA	NA	NA	NA	NA	NA	NA	NA	NA	NA	NA	NA	NA	NA	NA	NA	NA	NA	NA	Nov	N03
579	MP5	2014.11.17T14.08.69	08.11.14	79.022	11.33	327	50	epi	51	34.6	2.41	NA	NA	NA	0.07	0.34	27.62	NA	0.186	0.013	NA	NA	NA	NA	NA	0	12.9	7.6	106.9	14.5	NA	0.23	5.02	5.2501	0.408	3.556	32.7	2.8	2.72	3.7	0.7	0.3	10.3	-2.72	-32.65	7.37	103.24	0.57	-0.37	0.04	0.01	0.58	0.62	211	54	NA	NA	397	NA	5	NA	242000	64000	4440000	3330000	667000	8440000	0.36	18	177.577	51.166	4431.151	102.7515	NA	NA	NA	NA	NA	NA	NA	NA	NA	NA	NA	NA	NA	NA	NA	NA	NA	NA	NA	NA	NA	Nov	N03
580	MP5	2014.11.17T14.08.70	08.11.14	79.022	11.33	327	20	epi	21	34.59	2.3	NA	NA	NA	0.07	0.39	27.62	NA	0.076	0.002	NA	NA	NA	NA	58	698.2	13.4	6.5	90.5	9.7	NA	0.352	6.56	6.9122	0.515	2.221	32.3	0.3	2.7	3.7	0.2	0.3	10.2	55.49	665.86	6.2	86.76	0.46	8.95	0.04	0	0.59	0.63	222	51	NA	NA	424	NA	6	NA	271000	77200	5600000	2640000	495000	8730000	0.4	21	297.968	70.73	7418.36	118.746	NA	NA	NA	NA	NA	NA	NA	NA	NA	NA	NA	NA	NA	NA	NA	NA	NA	NA	NA	NA	NA	Nov	N03
581	MP5	2014.11.17T14.08.71	08.11.14	79.022	11.33	327	5	epi	5.92	34.59	3.07	NA	NA	NA	0.07	0.38	27.62	NA	0.19	0.003	NA	NA	NA	NA	50	603.9	13.8	7.2	100.7	9.5	NA	0.28	6.34	6.6203	0.489	2.592	32.9	5.9	2.74	3.5	0.9	0.3	10.9	47.58	570.96	6.94	97.23	0.5	6.85	0.05	0.01	0.62	0.67	222	47	NA	NA	427	NA	8	NA	239000	62700	5820000	2310000	435000	8570000	0.36	24	242.485	60.12	6620.574	96.7145	NA	NA	NA	NA	NA	NA	NA	NA	NA	NA	NA	NA	NA	NA	NA	NA	NA	NA	NA	NA	NA	Nov	N03
582	MP5	2014.11.17T14.08.72	10.11.14	79.026	6.01	1631	1000	meso	1018	34.94	-0.39	NA	NA	NA	0.04	0.05	28.07	NA	0.036	0.05	NA	NA	NA	NA	46	557	19.7	6.7	93.3	9.4	NA	0.003	13.01	13.0134	0.926	8.36	22.5	3.5	1.87	0	0	NA	NA	NA	NA	NA	NA	NA	NA	0.01	0	0.22	0.23	2	1	NA	NA	45	NA	0	NA	61900	16700	910000	423000	75600	1410000	0.37	15	25.401	5.348	1339.572	14.3405	NA	NA	NA	NA	NA	NA	NA	NA	NA	NA	NA	NA	NA	2.01	2.02	18.02	15.04	27.08	22.1	8.11	9.12	Nov	N04
583	MP5	2014.11.17T14.08.73	10.11.14	79.026	6.01	1631	750	meso	760	34.96	0.3	NA	NA	NA	0.04	0.06	28.06	NA	0.015	0.004	NA	NA	NA	NA	44	528.3	16.4	3.1	42.7	10	NA	0.006	13.38	13.3856	0.964	7.499	22.5	2.3	1.87	0	0	NA	NA	NA	NA	NA	NA	NA	NA	0.01	0	0.22	0.23	5	1	NA	NA	42	NA	1	NA	75500	22400	1540000	524000	80100	2140000	0.42	20	52.209	12.048	2435.743	13.013	NA	NA	NA	NA	NA	NA	NA	NA	NA	NA	NA	NA	NA	NA	NA	NA	NA	NA	NA	NA	NA	Nov	N04
584	MP5	2014.11.17T14.08.74	10.11.14	79.026	6.01	1631	500	meso	506	35.03	1.87	NA	NA	NA	0.04	0.06	28.01	NA	0.025	0.003	NA	NA	NA	NA	49	590.7	19.5	7.5	105.2	8.4	NA	0.003	11.94	11.9427	0.88	6.164	28.6	1.8	2.38	3.6	0.8	0.3	9.3	46.84	562.09	7.26	101.6	0.37	6.45	0.01	0	0.24	0.25	7	3	NA	NA	94	NA	3	NA	141000	36400	2030000	1080000	181000	3300000	0.35	14	78.235	13.039	2890.672	18.016	NA	NA	NA	NA	NA	NA	NA	NA	NA	NA	NA	NA	NA	NA	NA	NA	NA	NA	NA	NA	NA	Nov	N04
585	MP5	2014.11.17T14.08.75	10.11.14	79.026	6.01	1631	200	meso	203	35.09	3.69	NA	NA	NA	0.07	0.06	27.89	NA	0.068	0.003	NA	NA	NA	NA	48	575.3	17.9	6.4	89.4	8.4	NA	0.002	11.48	11.4824	0.864	5.089	35.2	3.5	2.93	3.6	0.3	0.3	11.3	45.01	540.09	6.12	85.74	0.34	7.35	0.01	0	0.26	0.27	53	17	NA	NA	255	NA	1	NA	193000	40900	3760000	1280000	173000	5220000	0.27	19	144.578	20.08	3630.522	34.0225	NA	NA	NA	NA	NA	NA	NA	NA	NA	NA	NA	NA	NA	NA	NA	NA	NA	NA	NA	NA	NA	Nov	N04
586	MP5	2014.11.17T14.08.76	10.11.14	79.026	6.01	1631	100	epi	102	35.09	3.69	NA	NA	NA	0.07	0.06	27.89	NA	0.089	0.012	NA	NA	NA	NA	46	549.1	17.7	6.9	96.2	21.2	NA	0.001	10.87	10.8712	0.794	3.754	33.4	1.5	2.79	3.8	0.8	0.3	10.4	42.97	515.65	6.6	92.43	0.37	6.51	0.01	0	0.3	0.32	116	27	NA	NA	530	NA	4	NA	208000	41500	3630000	1600000	227000	5460000	0.25	17	160.804	25.126	4437.186	44.8635	NA	NA	NA	NA	NA	NA	NA	NA	NA	NA	NA	NA	NA	NA	NA	NA	NA	NA	NA	NA	NA	Nov	N04
587	MP5	2014.11.17T14.08.77	10.11.14	79.026	6.01	1631	50	epi	51	35.09	3.68	NA	NA	NA	0.06	0.06	27.89	NA	0.095	0.012	NA	NA	NA	NA	50	602.5	17.9	7.6	106.9	12.9	NA	0	10.26	10.26	0.769	4.125	38.3	10.8	3.2	3	0.2	0.2	15	47.02	564.19	7.42	103.94	0.41	6.33	0.01	0	0.28	0.3	119	26	NA	NA	572	NA	5	NA	221000	45700	3190000	2060000	335000	5580000	0.26	14	128.925	19.372	3162.993	52.201	NA	NA	NA	NA	NA	NA	NA	NA	NA	NA	NA	NA	NA	NA	NA	NA	NA	NA	NA	NA	NA	Nov	N04
588	MP5	2014.11.17T14.08.78	10.11.14	79.026	6.01	1631	20	epi	20	35.09	3.67	NA	NA	NA	0.06	0.06	27.89	NA	0.103	0.01	NA	NA	NA	NA	48	577.1	18.4	7.4	103.4	16.8	NA	0	11	11	0.845	4.496	29.1	4.5	2.43	3	0.3	0.2	11.3	45.66	547.97	7.17	100.43	0.39	6.37	0.01	0	0.31	0.32	119	31	NA	NA	553	NA	3	NA	223000	43700	3360000	2060000	332000	5760000	0.24	15	92.852	18.036	3215.765	59.3825	NA	NA	NA	NA	NA	NA	NA	NA	NA	NA	NA	NA	NA	NA	NA	NA	NA	NA	NA	NA	NA	Nov	N04
589	MP5	2014.11.17T14.08.79	10.11.14	79.026	6.01	1631	5	epi	7	35.09	3.66	NA	NA	NA	0.06	0.06	27.9	NA	0.106	0.002	NA	NA	NA	NA	50	599.2	18.6	7.5	105.6	20.2	NA	0	11.01	11.01	0.801	4.67	30.2	3.3	2.52	3.1	0.4	0.2	11.4	47.42	569.06	7.32	102.51	0.39	6.48	0.01	0	0.26	0.27	95	22	NA	NA	459	NA	4	NA	212000	44100	3160000	1950000	300000	5410000	0.26	15	103.54	15.364	3080.16	47.0315	NA	NA	NA	NA	NA	NA	NA	NA	NA	NA	NA	NA	NA	NA	NA	NA	NA	NA	NA	NA	NA	Nov	N04
